0.0   0.001   
20.0   0.0010400000000000001   
40.0   0.0010815159680000002   
60.0   0.00112460197572168   
80.0   0.0011693138926355733   
100.0   0.0012157094408154425   
120.0   0.0012638482512825546   
140.0   0.0013137919218730956   
160.0   0.001365604076662369   
180.0   0.0014193504269798278   
200.0   0.0014750988340493675   
220.0   0.001532919373289682   
240.0   0.0015928844003098243   
260.0   0.0016550686186354452   
280.0   0.001719549149201483   
300.0   0.0017864056016473596   
320.0   0.0018557201474509808   
340.0   0.0019275775949380714   
360.0   0.0020020654662035505   
380.0   0.0020792740759818145   
400.0   0.0021592966125029063   
420.0   0.002242229220371624   
440.0   0.00232817108550665   
460.0   0.0024172245221767657   
480.0   0.0025094950621711463   
500.0   0.0026050915461406066   
520.0   0.0027041262171464816   
540.0   0.0028067148164535893   
560.0   0.0029129766816033947   
580.0   0.003023034846803124   
600.0   0.0031370161456661023   
620.0   0.0032550513163380505   
640.0   0.0033772751090434456   
660.0   0.003503826396085318   
680.0   0.0036348482843310396   
700.0   0.0037704882302157295   
720.0   0.0039108981572938545   
740.0   0.004056234576368453   
760.0   0.004206658708226119   
780.0   0.004362336609004467   
800.0   0.00452343929821724   
820.0   0.004690142889460504   
840.0   0.00486262872382154   
860.0   0.005041083506009957   
880.0   0.005225699443228394   
900.0   0.005416674386797751   
920.0   0.005614211976549307   
940.0   0.0058185217879933   
960.0   0.006029819482270501   
980.0   0.006248326958890087   
1000.0   0.006474272511253648   
1020.0   0.006707890984961377   
1040.0   0.006949423938892555   
1060.0   0.007199119809048082   
1080.0   0.007457234075138297   
1100.0   0.007724029429894394   
1120.0   0.007999775951076567   
1140.0   0.008284751276146442   
1160.0   0.008579240779565478   
1180.0   0.008883537752674742   
1200.0   0.009197943586104798   
1220.0   0.009522767954657414   
1240.0   0.009858329004593274   
1260.0   0.010204953543252017   
1280.0   0.010562977230922485   
1300.0   0.010932744774872256   
1320.0   0.011314610125436178   
1340.0   0.011708936674053733   
1360.0   0.0121160974531347   
1380.0   0.012536475337621587   
1400.0   0.012970463248105824   
1420.0   0.013418464355342517   
1440.0   0.013880892285995892   
1460.0   0.014358171329434124   
1480.0   0.014850736645378232   
1500.0   0.01535903447219501   
1520.0   0.015883522335608524   
1540.0   0.016424669257588623   
1560.0   0.01698295596515796   
1580.0   0.01755887509884151   
1600.0   0.018152931420464032   
1620.0   0.018765642019981876   
1640.0   0.019397536521015415   
1660.0   0.020049157284727604   
1680.0   0.02072105961167256   
1700.0   0.02141381194121544   
1720.0   0.02212799604810163   
1740.0   0.022864207235728955   
1760.0   0.023623054525651537   
1780.0   0.02440516084281797   
1800.0   0.025211163196019543   
1820.0   0.02604171285299661   
1840.0   0.02689747550962252   
1860.0   0.027779131452555096   
1880.0   0.02868737571471537   
1900.0   0.029622918222922085   
1920.0   0.030586483936978652   
1940.0   0.03157881297947648   
1960.0   0.032600660755545165   
1980.0   0.033652798061746016   
2000.0   0.03473601118327048   
2020.0   0.03585110197856977   
2040.0   0.036998887950506196   
2060.0   0.038180202303080245   
2080.0   0.0393958939827509   
2100.0   0.040646827703329697   
2120.0   0.04193388395339189   
2140.0   0.04325795898511102   
2160.0   0.0446199647833859   
2180.0   0.0460208290140924   
2200.0   0.04746149495025559   
2220.0   0.04894292137490213   
2240.0   0.05046608245931714   
2260.0   0.05203196761539567   
2280.0   0.05364158132074541   
2300.0   0.05529594291516537   
2320.0   0.0569960863670948   
2340.0   0.05874306000859813   
2360.0   0.060537926237425   
2380.0   0.06238176118466069   
2400.0   0.0642756543464604   
2420.0   0.06622070817834291   
2440.0   0.06821803765050366   
2460.0   0.07026876976259647   
2480.0   0.07237404301642547   
2500.0   0.07453500684498644   
2520.0   0.07675282099629886   
2540.0   0.07902865487047758   
2560.0   0.08136368680850624   
2580.0   0.08375910333119443   
2600.0   0.08621609832682664   
2620.0   0.0887358721860446   
2640.0   0.09131963088254601   
2660.0   0.09396858499823156   
2680.0   0.09668394869149079   
2700.0   0.09946693860738384   
2720.0   0.10231877272855372   
2740.0   0.10524066916579014   
2760.0   0.1082338448872641   
2780.0   0.11129951438556113   
2800.0   0.11443888828176113   
2820.0   0.11765317186594587   
2840.0   0.12094356357365912   
2860.0   0.12431125339800275   
2880.0   0.12775742123722225   
2900.0   0.13128323517781954   
2920.0   0.13488984971342813   
2940.0   0.13857840389989784   
2960.0   0.1423500194472607   
2980.0   0.14620579874948952   
3000.0   0.15014682285321337   
3020.0   0.15417414936682075   
3040.0   0.15828881031166173   
3060.0   0.1624918099173533   
3080.0   0.16678412236349782   
3100.0   0.17116668947044292   
3120.0   0.17564041834203933   
3140.0   0.18020617896369379   
3160.0   0.1848648017593622   
3180.0   0.18961707511148634   
3200.0   0.19446374284824094   
3220.0   0.19940550170282836   
3240.0   0.2044429987499317   
3260.0   0.20957682882481288   
3280.0   0.21480753193091895   
3300.0   0.22013559064223331   
3320.0   0.22556142750697977   
3340.0   0.23108540245965029   
3360.0   0.23670781024868215   
3380.0   0.24242887788745354   
3400.0   0.2482487621365947   
3420.0   0.2541675470259228   
3440.0   0.26018524142460014   
3460.0   0.2663017766683811   
3480.0   0.27251700425305586   
3500.0   0.2788306936034076   
3520.0   0.2852425299271806   
3540.0   0.2917521121636955   
3560.0   0.29835895103685467   
3580.0   0.30506246722233754   
3600.0   0.31186198963880474   
3620.0   0.31875675387289665   
3640.0   0.32574590074772947   
3660.0   0.33282847504445856   
3680.0   0.3400034243862876   
3700.0   0.3472695982940587   
3720.0   0.354625747422252   
3740.0   0.3620705229838643   
3760.0   0.3696024763722105   
3780.0   0.3772200589872129   
3800.0   0.3849216222731992   
3820.0   0.3927054179746319   
3840.0   0.4005695986155317   
3860.0   0.4085122182076453   
3880.0   0.416531233191638   
3900.0   0.42462450361477533   
3920.0   0.43278979454768934   
3940.0   0.4410247777419172   
3960.0   0.4493270335289488   
3980.0   0.45769405296053867   
4000.0   0.4661232401890213   
4020.0   0.47461191508533795   
4040.0   0.4831573160914253   
4060.0   0.49175660330255644   
4080.0   0.5004068617741563   
4100.0   0.5091051050465508   
4120.0   0.5178482788800572   
4140.0   0.5266332651917874   
4160.0   0.5354568861845311   
4180.0   0.5443159086571077   
4200.0   0.5532070484846432   
4220.0   0.5621269752563445   
4240.0   0.571072317057506   
4260.0   0.580039665381722   
4280.0   0.589025580158568   
4300.0   0.5980265948813919   
4320.0   0.6070392218193013   
4340.0   0.6160599572969688   
4360.0   0.6250852870254962   
4380.0   0.6341116914672887   
4400.0   0.6431356512176971   
4420.0   0.6521536523860777   
4440.0   0.6611621919589213   
4460.0   0.670157783127786   
4480.0   0.6791369605649556   
4500.0   0.6880962856300272   
4520.0   0.6970323514909931   
4540.0   0.7059417881438502   
4560.0   0.7148212673153064   
4580.0   0.7236675072337784   
4600.0   0.7324772772545762   
4620.0   0.7412474023259342   
4640.0   0.7499747672833839   
4660.0   0.7586563209608493   
4680.0   0.7672890801077881   
4700.0   0.7758701331026786   
4720.0   0.7843966434541756   
4740.0   0.7928658530822976   
4760.0   0.8012750853730767   
4780.0   0.8096217480011777   
4800.0   0.8179033355160781   
4820.0   0.8261174316884785   
4840.0   0.8342617116146859   
4860.0   0.8423339435777654   
4880.0   0.8503319906652899   
4900.0   0.8582538121445183   
4920.0   0.8660974645968024   
4940.0   0.8738611028139501   
4960.0   0.8815429804601613   
4980.0   0.8891414505039821   
5000.0   0.8966549654255129   
5020.0   0.9040820772048334   
5040.0   0.9114214370982751   
5060.0   0.9186717952097916   
5080.0   0.9258319998652201   
5100.0   0.9329009967977232   
5120.0   0.9398778281531246   
5140.0   0.9467616313242206   
5160.0   0.9535516376234527   
5180.0   0.9602471708035722   
5200.0   0.9668476454361151   
5220.0   0.9733525651576349   
5240.0   0.9797615207937156   
5260.0   0.9860741883708112   
5280.0   0.9922903270259322   
5300.0   0.9984097768241255   
5320.0   1.0044324564935776   
5340.0   1.0103583610880165   
5360.0   1.01618755958589   
5380.0   1.021920192435574   
5400.0   1.0275564690556025   
5420.0   1.0330966652986278   
5440.0   1.0385411208875108   
5460.0   1.0438902368316074   
5480.0   1.0491444728309727   
5500.0   1.0543043446758418   
5520.0   1.0593704216483737   
5540.0   1.0643433239332598   
5560.0   1.0692237200434127   
5580.0   1.0740123242665607   
5600.0   1.0787098941381759   
5620.0   1.0833172279457786   
5640.0   1.087835162269267   
5660.0   1.09226456956154   
5680.0   1.0966063557733043   
5700.0   1.1008614580255855   
5720.0   1.1050308423331083   
5740.0   1.1091155013813554   
5760.0   1.113116452359784   
5780.0   1.1170347348533498   
5800.0   1.1208714087941762   
5820.0   1.1246275524749143   
5840.0   1.1283042606250466   
5860.0   1.1319026425511272   
5880.0   1.1354238203416875   
5900.0   1.1388689271373067   
5920.0   1.1422391054661116   
5940.0   1.145535505644768   
5960.0   1.1487592842448238   
5980.0   1.151911602624089   
6000.0   1.1549936255225657   
6020.0   1.1580065197222882   
6040.0   1.1609514527702975   
6060.0   1.1638295917638415   
6080.0   1.1666421021967817   
6100.0   1.1693901468660817   
6120.0   1.1720748848371645   
6140.0   1.1746974704668407   
6160.0   1.1772590524824447   
6180.0   1.1797607731157524   
6200.0   1.1822037672902042   
6220.0   1.1845891618599136   
6240.0   1.1869180748989125   
6260.0   1.1891916150390511   
6280.0   1.1914108808549553   
6300.0   1.1935769602944335   
6320.0   1.1956909301527152   
6340.0   1.1977538555889027   
6360.0   1.1997667896830264   
6380.0   1.2017307730320983   
6400.0   1.2036468333835744   
6420.0   1.2055159853046546   
6440.0   1.2073392298858687   
6460.0   1.2091175544774193   
6480.0   1.210851932456785   
6500.0   1.2125433230261098   
6520.0   1.2141926710379407   
6540.0   1.2158009068479065   
6560.0   1.217368946192968   
6580.0   1.2188976900939013   
6600.0   1.2203880247807197   
6620.0   1.2218408216397718   
6640.0   1.2232569371812936   
6660.0   1.224637213026236   
6680.0   1.2259824759112208   
6700.0   1.2272935377105236   
6720.0   1.2285711954740206   
6740.0   1.2298162314800718   
6760.0   1.231029413302359   
6780.0   1.2322114938897273   
6800.0   1.2333632116581255   
6820.0   1.2344852905937707   
6840.0   1.235578440366706   
6860.0   1.2366433564539518   
6880.0   1.2376807202714877   
6900.0   1.2386911993143404   
6920.0   1.2396754473040807   
6940.0   1.240634104343071   
6960.0   1.2415677970748342   
6980.0   1.2424771388499465   
7000.0   1.243362729896888   
7020.0   1.2442251574973118   
7040.0   1.245064996165225   
7060.0   1.2458828078295956   
7080.0   1.2466791420199341   
7100.0   1.247454536054417   
7120.0   1.248209515230147   
7140.0   1.2489445930151701   
7160.0   1.2496602712418878   
7180.0   1.250357040301528   
7200.0   1.251035379339359   
7220.0   1.2516957564503488   
7240.0   1.2523386288749927   
7260.0   1.2529644431950504   
7280.0   1.2535736355289504   
7300.0   1.2541666317266376   
7320.0   1.254743847563654   
7340.0   1.2553056889342606   
7360.0   1.2558525520434174   
7380.0   1.2563848235974606   
7400.0   1.2569028809933214   
7420.0   1.2574070925061454   
7440.0   1.2578978174751867   
7460.0   1.2583754064878583   
7480.0   1.2588402015618305   
7500.0   1.2592925363250833   
7520.0   1.2597327361938224   
7540.0   1.260161118548183   
7560.0   1.2605779929056489   
7580.0   1.2609836610921283   
7600.0   1.2613784174106266   
7620.0   1.2617625488074726   
7640.0   1.2621363350360562   
7660.0   1.2625000488180413   
7680.0   1.2628539560020273   
7700.0   1.2631983157196325   
7720.0   1.263533380538984   
7740.0   1.2638593966155982   
7760.0   1.2641766038406448   
7780.0   1.2644852359865861   
7800.0   1.2647855208501935   
7820.0   1.2650776803929409   
7840.0   1.2653619308787836   
7860.0   1.2656384830093281   
7880.0   1.2659075420564072   
7900.0   1.2661693079920728   
7920.0   1.2664239756160238   
7940.0   1.2666717346804883   
7960.0   1.2669127700125797   
7980.0   1.267147261634152   
8000.0   1.267375384879175   
8020.0   1.2675973105086589   
8040.0   1.267813204823155   
8060.0   1.268023229772858   
8080.0   1.2682275430653454   
8100.0   1.2684262982709784   
8120.0   1.268619644926002   
8140.0   1.2688077286333719   
8160.0   1.2689906911613436   
8180.0   1.2691686705398582   
8200.0   1.2693418011547568   
8220.0   1.2695102138398597   
8240.0   1.2696740359669454   
8260.0   1.2698333915336626   
8280.0   1.2699884012494143   
8300.0   1.2701391826192452   
8320.0   1.2702858500257714   
8340.0   1.2704285148091865   
8360.0   1.2705672853453787   
8380.0   1.2707022671221968   
8400.0   1.270833562813899   
8420.0   1.2709612723538184   
8440.0   1.2710854930052842   
8460.0   1.271206319430828   
8480.0   1.2713238437597143   
8500.0   1.2714381556538263   
8520.0   1.2715493423719437   
8540.0   1.271657488832443   
8560.0   1.2717626776744553   
8580.0   1.2718649893175145   
8600.0   1.2719645020197274   
8620.0   1.272061291934499   
8640.0   1.2721554331658413   
8660.0   1.2722469978223028   
8680.0   1.272336056069542   
8700.0   1.2724226761815818   
8720.0   1.2725069245907692   
8740.0   1.272588865936474   
8760.0   1.2726685631125512   
8780.0   1.2727460773135997   
8800.0   1.2728214680800414   
8820.0   1.2728947933420496   
8840.0   1.272966109462355   
8860.0   1.2730354712779528   
8880.0   1.273102932140739   
8900.0   1.2731685439571003   
8920.0   1.2732323572264836   
8940.0   1.2732944210789676   
8960.0   1.273354783311863   
8980.0   1.2734134904253627   
9000.0   1.2734705876572652   
9020.0   1.2735261190167964   
9040.0   1.2735801273175476   
9060.0   1.2736326542095553   
9080.0   1.273683740210541   
9100.0   1.2737334247363337   
9120.0   1.2737817461304948   
9140.0   1.2738287416931646   
9160.0   1.2738744477091508   
9180.0   1.2739188994752768   
9200.0   1.2739621313270102   
9220.0   1.2740041766643873   
9240.0   1.2740450679772533   
9260.0   1.2740848368698345   
9280.0   1.2741235140846603   
9300.0   1.2741611295258497   
9320.0   1.2741977122817807   
9340.0   1.2742332906471574   
9360.0   1.2742678921444899   
9380.0   1.2743015435450022   
9400.0   1.2743342708889842   
9420.0   1.274366099505599   
9440.0   1.2743970540321632   
9460.0   1.2744271584329108   
9480.0   1.2744564360172568   
9500.0   1.2744849094575708   
9520.0   1.274512600806475   
9540.0   1.2745395315136794   
9560.0   1.2745657224423634   
9580.0   1.2745911938851209   
9600.0   1.2746159655794738   
9620.0   1.274640056722971   
9640.0   1.2746634859878798   
9660.0   1.2746862715354832   
9680.0   1.2747084310299908   
9700.0   1.274729981652076   
9720.0   1.2747509401120483   
9740.0   1.2747713226626685   
9760.0   1.274791145111621   
9780.0   1.2748104228336463   
9800.0   1.274829170782348   
9820.0   1.2748474035016788   
9840.0   1.2748651351371174   
9860.0   1.274882379446542   
9880.0   1.2748991498108098   
9900.0   1.2749154592440495   
9920.0   1.274931320403676   
9940.0   1.274946745600133   
9960.0   1.2749617468063705   
9980.0   1.2749763356670667   
10000.0   1.274990523507599   
10020.0   1.2750043213427709   
10040.0   1.2750177398853033   
10060.0   1.2750307895540938   
10080.0   1.2750434804822515   
10100.0   1.2750558225249142   
10120.0   1.275067825266853   
10140.0   1.2750794980298685   
10160.0   1.2750908498799878   
10180.0   1.2751018896344644   
10200.0   1.2751126258685872   
10220.0   1.2751230669223055   
10240.0   1.2751332209066712   
10260.0   1.2751430957101084   
10280.0   1.2751526990045092   
10300.0   1.2751620382511648   
10320.0   1.2751711207065353   
10340.0   1.2751799534278603   
10360.0   1.2751885432786185   
10380.0   1.2751968969338368   
10400.0   1.275205020885255   
10420.0   1.2752129214463497   
10440.0   1.2752206047572205   
10460.0   1.2752280767893431   
10480.0   1.2752353433501926   
10500.0   1.2752424100877398   
10520.0   1.2752492824948256   
10540.0   1.275255965913415   
10560.0   1.2752624655387357   
10580.0   1.275268786423302   
10600.0   1.2752749334808304   
10620.0   1.275280911490047   
10640.0   1.2752867250983908   
10660.0   1.2752923788256165   
10680.0   1.2752978770672976   
10700.0   1.2753032240982338   
10720.0   1.2753084240757664   
10740.0   1.275313481043001   
10760.0   1.2753183989319434   
10780.0   1.2753231815665496   
10800.0   1.2753278326656907   
10820.0   1.2753323558460383   
10840.0   1.2753367546248706   
10860.0   1.2753410324228003   
10880.0   1.2753451925664296   
10900.0   1.2753492382909315   
10920.0   1.2753531727425595   
10940.0   1.2753569989810905   
10960.0   1.2753607199821988   
10980.0   1.2753643386397666   
11000.0   1.2753678577681298   
11020.0   1.2753712801042631   
11040.0   1.2753746083099051   
11060.0   1.2753778449736244   
11080.0   1.27538099261283   
11100.0   1.2753840536757255   
11120.0   1.2753870305432116   
11140.0   1.2753899255307333   
11160.0   1.2753927408900798   
11180.0   1.2753954788111324   
11200.0   1.275398141423566   
11220.0   1.2754007307985034   
11240.0   1.2754032489501237   
11260.0   1.2754056978372275   
11280.0   1.2754080793647584   
11300.0   1.2754103953852833   
11320.0   1.2754126477004313   
11340.0   1.275414838062294   
11360.0   1.275416968174787   
11380.0   1.2754190396949727   
11400.0   1.2754210542343503   
11420.0   1.275423013360106   
11440.0   1.2754249185963322   
11460.0   1.275426771425211   
11480.0   1.2754285732881672   
11500.0   1.2754303255869879   
11520.0   1.2754320296849126   
11540.0   1.2754336869076923   
11560.0   1.2754352985446202   
11580.0   1.275436865849534   
11600.0   1.275438390041791   
11620.0   1.2754398723072147   
11640.0   1.2754413137990184   
11660.0   1.2754427156387003   
11680.0   1.2754440789169164   
11700.0   1.2754454046943275   
11720.0   1.2754466940024252   
11740.0   1.2754479478443324   
11760.0   1.275449167195584   
11780.0   1.275450353004886   
11800.0   1.2754515061948517   
11820.0   1.2754526276627205   
11840.0   1.2754537182810548   
11860.0   1.275454778898419   
11880.0   1.2754558103400389   
11900.0   1.2754568134084439   
11920.0   1.2754577888840906   
11940.0   1.2754587375259703   
11960.0   1.275459660072199   
11980.0   1.2754605572405913   
12000.0   1.2754614297292186   
12020.0   1.2754622782169525   
12040.0   1.2754631033639923   
12060.0   1.2754639058123787   
12080.0   1.2754646861864931   
12100.0   1.2754654450935432   
12120.0   1.2754661831240355   
12140.0   1.2754669008522344   
12160.0   1.2754675988366087   
12180.0   1.2754682776202664   
12200.0   1.2754689377313768   
12220.0   1.2754695796835815   
12240.0   1.275470203976394   
12260.0   1.2754708110955886   
12280.0   1.2754714015135766   
12300.0   1.2754719756897763   
12320.0   1.2754725340709687   
12340.0   1.2754730770916451   
12360.0   1.2754736051743458   
12380.0   1.2754741187299885   
12400.0   1.2754746181581875   
12420.0   1.2754751038475656   
12440.0   1.2754755761760552   
12460.0   1.2754760355111934   
12480.0   1.275476482210407   
12500.0   1.2754769166212916   
12520.0   1.275477339081881   
12540.0   1.2754777499209107   
12560.0   1.2754781494580736   
12580.0   1.2754785380042686   
12600.0   1.2754789158618427   
12620.0   1.275479283324826   
12640.0   1.2754796406791606   
12660.0   1.2754799882029229   
12680.0   1.27548032616654   
12700.0   1.2754806548330002   
12720.0   1.275480974458058   
12740.0   1.2754812852904318   
12760.0   1.2754815875719991   
12780.0   1.2754818815379834   
12800.0   1.2754821674171375   
12820.0   1.275482445431922   
12840.0   1.275482715798678   
12860.0   1.2754829787277948   
12880.0   1.2754832344238753   
12900.0   1.2754834830858937   
12920.0   1.2754837249073503   
12940.0   1.2754839600764232   
12960.0   1.2754841887761137   
12980.0   1.2754844111843888   
13000.0   1.2754846274743203   
13020.0   1.275484837814219   
13040.0   1.2754850423677655   
13060.0   1.2754852412941378   
13080.0   1.2754854347481352   
13100.0   1.2754856228802989   
13120.0   1.2754858058370284   
13140.0   1.2754859837606967   
13160.0   1.2754861567897593   
13180.0   1.2754863250588637   
13200.0   1.2754864886989534   
13220.0   1.2754866478373694   
13240.0   1.2754868025979498   
13260.0   1.2754869531011261   
13280.0   1.2754870994640173   
13300.0   1.2754872418005196   
13320.0   1.275487380221397   
13340.0   1.275487514834366   
13360.0   1.2754876457441802   
13380.0   1.275487773052711   
13400.0   1.275487896859028   
13420.0   1.2754880172594751   
13440.0   1.2754881343477462   
13460.0   1.2754882482149574   
13480.0   1.2754883589497186   
13500.0   1.2754884666382018   
13520.0   1.2754885713642088   
13540.0   1.2754886732092359   
13560.0   1.2754887722525374   
13580.0   1.2754888685711876   
13600.0   1.2754889622401404   
13620.0   1.2754890533322878   
13640.0   1.2754891419185168   
13660.0   1.2754892280677639   
13680.0   1.2754893118470696   
13700.0   1.27548939332163   
13720.0   1.2754894725548478   
13740.0   1.2754895496083813   
13760.0   1.275489624542193   
13780.0   1.2754896974145953   
13800.0   1.275489768282297   
13820.0   1.2754898372004466   
13840.0   1.2754899042226757   
13860.0   1.2754899694011403   
13880.0   1.275490032786562   
13900.0   1.2754900944282663   
13920.0   1.2754901543742225   
13940.0   1.27549021267108   
13960.0   1.2754902693642052   
13980.0   1.275490324497716   
14000.0   1.275490378114517   
14020.0   1.2754904302563324   
14040.0   1.2754904809637384   
14060.0   1.2754905302761954   
14080.0   1.275490578232078   
14100.0   1.275490624868705   
14120.0   1.275490670222369   
14140.0   1.2754907143283636   
14160.0   1.2754907572210121   
14180.0   1.2754907989336932   
14200.0   1.2754908394988675   
14220.0   1.2754908789481025   
14240.0   1.2754909173120976   
14260.0   1.2754909546207072   
14280.0   1.2754909909029648   
14300.0   1.275491026187105   
14320.0   1.275491060500586   
14340.0   1.27549109387011   
14360.0   1.2754911263216453   
14380.0   1.2754911578804455   
14400.0   1.2754911885710694   
14420.0   1.2754912184174003   
14440.0   1.2754912474426647   
14460.0   1.2754912756694499   
14480.0   1.2754913031197217   
14500.0   1.2754913298148418   
14520.0   1.2754913557755845   
14540.0   1.275491381022152   
14560.0   1.2754914055741913   
14580.0   1.2754914294508086   
14600.0   1.275491452670585   
14620.0   1.2754914752515896   
14640.0   1.2754914972113949   
14660.0   1.27549151856709   
14680.0   1.2754915393352941   
14700.0   1.2754915595321688   
14720.0   1.2754915791734311   
14740.0   1.275491598274366   
14760.0   1.2754916168498376   
14780.0   1.2754916349143013   
14800.0   1.275491652481815   
14820.0   1.2754916695660494   
14840.0   1.2754916861802996   
14860.0   1.2754917023374948   
14880.0   1.2754917180502083   
14900.0   1.2754917333306681   
14920.0   1.275491748190765   
14940.0   1.2754917626420634   
14960.0   1.2754917766958092   
14980.0   1.2754917903629388   
15000.0   1.275491803654088   
15020.0   1.2754918165796   
15040.0   1.2754918291495336   
15060.0   1.2754918413736704   
15080.0   1.2754918532615234   
15100.0   1.2754918648223434   
15120.0   1.2754918760651273   
15140.0   1.275491886998624   
15160.0   1.2754918976313423   
15180.0   1.2754919079715563   
15200.0   1.2754919180273128   
15220.0   1.275491927806437   
15240.0   1.2754919373165392   
15260.0   1.27549194656502   
15280.0   1.275491955559077   
15300.0   1.2754919643057088   
15320.0   1.2754919728117222   
15340.0   1.2754919810837366   
15360.0   1.2754919891281893   
15380.0   1.2754919969513403   
15400.0   1.275492004559278   
15420.0   1.2754920119579223   
15440.0   1.2754920191530312   
15460.0   1.2754920261502039   
15480.0   1.2754920329548856   
15500.0   1.2754920395723714   
15520.0   1.2754920460078114   
15540.0   1.2754920522662134   
15560.0   1.2754920583524478   
15580.0   1.275492064271251   
15600.0   1.275492070027229   
15620.0   1.2754920756248609   
15640.0   1.2754920810685029   
15660.0   1.275492086362391   
15680.0   1.2754920915106454   
15700.0   1.2754920965172718   
15720.0   1.2754921013861669   
15740.0   1.2754921061211195   
15760.0   1.2754921107258144   
15780.0   1.2754921152038348   
15800.0   1.2754921195586655   
15820.0   1.2754921237936956   
15840.0   1.2754921279122207   
15860.0   1.2754921319174457   
15880.0   1.2754921358124878   
15900.0   1.2754921396003778   
15920.0   1.2754921432840636   
15940.0   1.2754921468664118   
15960.0   1.2754921503502101   
15980.0   1.2754921537381698   
16000.0   1.2754921570329272   
16020.0   1.2754921602370464   
16040.0   1.2754921633530207   
16060.0   1.275492166383275   
16080.0   1.2754921693301675   
16100.0   1.2754921721959915   
16120.0   1.275492174982977   
16140.0   1.2754921776932933   
16160.0   1.275492180329049   
16180.0   1.2754921828922956   
16200.0   1.2754921853850276   
16220.0   1.275492187809185   
16240.0   1.275492190166654   
16260.0   1.2754921924592697   
16280.0   1.2754921946888158   
16300.0   1.2754921968570274   
16320.0   1.2754921989655919   
16340.0   1.27549220101615   
16360.0   1.2754922030102978   
16380.0   1.2754922049495867   
16400.0   1.275492206835526   
16420.0   1.2754922086695837   
16440.0   1.2754922104531865   
16460.0   1.2754922121877228   
16480.0   1.2754922138745421   
16500.0   1.2754922155149575   
16520.0   1.2754922171102452   
16540.0   1.2754922186616469   
16560.0   1.2754922201703696   
16580.0   1.2754922216375877   
16600.0   1.2754922230644428   
16620.0   1.2754922244520452   
16640.0   1.2754922258014751   
16660.0   1.2754922271137823   
16680.0   1.275492228389988   
16700.0   1.2754922296310858   
16720.0   1.275492230838041   
16740.0   1.275492232011793   
16760.0   1.2754922331532552   
16780.0   1.2754922342633161   
16800.0   1.2754922353428395   
16820.0   1.2754922363926653   
16840.0   1.2754922374136106   
16860.0   1.2754922384064697   
16880.0   1.2754922393720156   
16900.0   1.2754922403109994   
16920.0   1.2754922412241518   
16940.0   1.2754922421121837   
16960.0   1.2754922429757858   
16980.0   1.2754922438156304   
17000.0   1.275492244632371   
17020.0   1.2754922454266433   
17040.0   1.2754922461990652   
17060.0   1.2754922469502379   
17080.0   1.275492247680746   
17100.0   1.275492248391158   
17120.0   1.2754922490820264   
17140.0   1.2754922497538892   
17160.0   1.2754922504072692   
17180.0   1.275492251042675   
17200.0   1.2754922516606007   
17220.0   1.2754922522615273   
17240.0   1.2754922528459227   
17260.0   1.2754922534142414   
17280.0   1.2754922539669258   
17300.0   1.2754922545044058   
17320.0   1.2754922550271   
17340.0   1.275492255535415   
17360.0   1.2754922560297461   
17380.0   1.2754922565104783   
17400.0   1.2754922569779856   
17420.0   1.275492257432632   
17440.0   1.275492257874771   
17460.0   1.2754922583047468   
17480.0   1.275492258722894   
17500.0   1.2754922591295381   
17520.0   1.2754922595249956   
17540.0   1.275492259909574   
17560.0   1.2754922602835728   
17580.0   1.275492260647283   
17600.0   1.2754922610009873   
17620.0   1.2754922613449615   
17640.0   1.275492261679473   
17660.0   1.2754922620047822   
17680.0   1.275492262321142   
17700.0   1.2754922626287988   
17720.0   1.2754922629279921   
17740.0   1.2754922632189547   
17760.0   1.2754922635019128   
17780.0   1.275492263777087   
17800.0   1.275492264044691   
17820.0   1.2754922643049333   
17840.0   1.2754922645580165   
17860.0   1.2754922648041374   
17880.0   1.2754922650434874   
17900.0   1.275492265276253   
17920.0   1.2754922655026153   
17940.0   1.2754922657227503   
17960.0   1.2754922659368295   
17980.0   1.2754922661450194   
18000.0   1.2754922663474821   
18020.0   1.275492266544375   
18040.0   1.2754922667358515   
18060.0   1.2754922669220603   
18080.0   1.2754922671031466   
18100.0   1.2754922672792512   
18120.0   1.2754922674505114   
18140.0   1.2754922676170601   
18160.0   1.2754922677790272   
18180.0   1.2754922679365386   
18200.0   1.2754922680897167   
18220.0   1.2754922682386811   
18240.0   1.2754922683835475   
18260.0   1.2754922685244285   
18280.0   1.275492268661434   
18300.0   1.2754922687946706   
18320.0   1.2754922689242416   
18340.0   1.2754922690502482   
18360.0   1.2754922691727884   
18380.0   1.2754922692919575   
18400.0   1.2754922694078483   
18420.0   1.275492269520551   
18440.0   1.2754922696301534   
18460.0   1.2754922697367406   
18480.0   1.2754922698403954   
18500.0   1.2754922699411988   
18520.0   1.275492270039229   
18540.0   1.2754922701345626   
18560.0   1.2754922702272735   
18580.0   1.275492270317434   
18600.0   1.2754922704051141   
18620.0   1.2754922704903822   
18640.0   1.2754922705733045   
18660.0   1.2754922706539458   
18680.0   1.2754922707323686   
18700.0   1.275492270808634   
18720.0   1.2754922708828014   
18740.0   1.2754922709549283   
18760.0   1.2754922710250711   
18780.0   1.2754922710932843   
18800.0   1.275492271159621   
18820.0   1.2754922712241328   
18840.0   1.2754922712868697   
18860.0   1.275492271347881   
18880.0   1.2754922714072137   
18900.0   1.2754922714649142   
18920.0   1.2754922715210273   
18940.0   1.2754922715755967   
18960.0   1.275492271628665   
18980.0   1.2754922716802735   
19000.0   1.2754922717304622   
19020.0   1.2754922717792703   
19040.0   1.2754922718267356   
19060.0   1.2754922718728952   
19080.0   1.2754922719177848   
19100.0   1.2754922719614397   
19120.0   1.2754922720038935   
19140.0   1.2754922720451793   
19160.0   1.2754922720853294   
19180.0   1.275492272124375   
19200.0   1.2754922721623465   
19220.0   1.2754922721992734   
19240.0   1.2754922722351845   
19260.0   1.2754922722701076   
19280.0   1.27549227230407   
19300.0   1.275492272337098   
19320.0   1.2754922723692175   
19340.0   1.2754922724004534   
19360.0   1.27549227243083   
19380.0   1.275492272460371   
19400.0   1.2754922724890994   
19420.0   1.2754922725170372   
19440.0   1.2754922725442066   
19460.0   1.2754922725706286   
19480.0   1.2754922725963238   
19500.0   1.275492272621312   
19520.0   1.2754922726456128   
19540.0   1.275492272669245   
19560.0   1.2754922726922273   
19580.0   1.2754922727145772   
19600.0   1.2754922727363123   
19620.0   1.2754922727574494   
19640.0   1.2754922727780051   
19660.0   1.2754922727979954   
19680.0   1.2754922728174356   
19700.0   1.2754922728363411   
19720.0   1.2754922728547264   
19740.0   1.2754922728726061   
19760.0   1.275492272889994   
19780.0   1.2754922729069034   
19800.0   1.2754922729233475   
19820.0   1.2754922729393394   
19840.0   1.2754922729548914   
19860.0   1.2754922729700156   
19880.0   1.2754922729847236   
19900.0   1.275492272999027   
19920.0   1.275492273012937   
19940.0   1.2754922730264642   
19960.0   1.2754922730396194   
19980.0   1.2754922730524128   
