   2.00000000      0.100180000    
   2002.00000      0.437374145    
   4002.00000      0.750364661    
   6002.00000      0.735942185    
   8002.00000      0.627878964    
   10002.0000      0.519976914    
   12002.0000      0.427404433    
   14002.0000      0.350504398    
   16002.0000      0.287197053    
   18002.0000      0.235239640    
   20002.0000      0.192648649    
   22002.0000      0.157754436    
   24002.0000      0.129173905    
   26002.0000      0.105767824    
   28002.0000       8.66011307E-02
   30002.0000       7.09067881E-02
   32002.0000       5.80561012E-02
   34002.0000       4.75340597E-02
   36002.0000       3.89188230E-02
   38002.0000       3.18649113E-02
   40002.0000       2.60894075E-02
   42002.0000       2.13606413E-02
   44002.0000       1.74889676E-02
   46002.0000       1.43190343E-02
   48002.0000       1.17236394E-02
   50002.0000       9.59866401E-03
   52002.0000       7.85885006E-03
   54002.0000       6.43438241E-03
   56002.0000       5.26810577E-03
   58002.0000       4.31322586E-03
   60002.0000       3.53142037E-03
   62002.0000       2.89132353E-03
   64002.0000       2.36724969E-03
   66002.0000       1.93816703E-03
   68002.0000       1.58685911E-03
   70002.0000       1.29922782E-03
   72002.0000       1.06373290E-03
   74002.0000       8.70921940E-04
   76002.0000       7.13060144E-04
   78002.0000       5.83812362E-04
   80002.0000       4.77991620E-04
   82002.0000       3.91351583E-04
   84002.0000       3.20415740E-04
   86002.0000       2.62337708E-04
   88002.0000       2.14786793E-04
   90002.0000       1.75854802E-04
   92002.0000       1.43979662E-04
   94002.0000       1.17882169E-04
   96002.0000       9.65150321E-05
   98002.0000       7.90207851E-05
   100002.000       6.46976041E-05
   102002.000       5.29706413E-05
   104002.000       4.33692258E-05
   106002.000       3.55081902E-05
   108002.000       2.90720436E-05
   110002.000       2.38024895E-05
   112002.000       1.94880631E-05
   114002.000       1.59556894E-05
   116002.000       1.30635899E-05
   118002.000       1.06956904E-05
   120002.000       8.75700152E-06
   122002.000       7.16972090E-06
   124002.000       5.87014983E-06
   126002.000       4.80612971E-06
   128002.000       3.93497749E-06
   130002.000       3.22172946E-06
   132002.000       2.63776269E-06
   134002.000       2.15964519E-06
   136002.000       1.76819037E-06
   138002.000       1.44769137E-06
   140002.000       1.18528510E-06
   142002.000       9.70442102E-07
   144002.000       7.94540597E-07
   146002.000       6.50523816E-07
   148002.000       5.32611182E-07
   150002.000       4.36070820E-07
   152002.000       3.57029137E-07
   154002.000       2.92314837E-07
   156002.000       2.39330319E-07
   158002.000       1.95949625E-07
   160002.000       1.60432208E-07
   162002.000       1.31352550E-07
   164002.000       1.07543734E-07
   166002.000       8.80506192E-08
   168002.000       7.20906925E-08
   170002.000       5.90236269E-08
   172002.000       4.83251092E-08
   174002.000       3.95658084E-08
   176002.000       3.23941762E-08
   178002.000       2.65224642E-08
   180002.000       2.17150671E-08
   182002.000       1.77790209E-08
   184002.000       1.45564352E-08
   186002.000       1.19179608E-08
   188002.000       9.75773506E-09
   190002.000       7.98906363E-09
   192002.000       6.54098153E-09
   194002.000       5.35537659E-09
   196002.000       4.38467040E-09
   198002.000       3.58991414E-09
