   2.00000000      0.999800026    
   2002.00000      0.613838017    
   4002.00000      0.176007360    
   6002.00000       3.84627581E-02
   8002.00000       9.79029946E-03
   10002.0000       3.11092334E-03
   12002.0000       1.20891933E-03
   14002.0000       5.56491083E-04
   16002.0000       2.94640660E-04
   18002.0000       1.75010864E-04
   20002.0000       1.14232804E-04
   22002.0000       8.05517266E-05
   24002.0000       6.05126479E-05
   26002.0000       4.78771763E-05
   28002.0000       3.95225143E-05
   30002.0000       3.37795682E-05
   32002.0000       2.97045535E-05
   34002.0000       2.67368941E-05
   36002.0000       2.45292304E-05
   38002.0000       2.28581412E-05
   40002.0000       2.15750551E-05
   42002.0000       2.05783454E-05
   44002.0000       1.97966783E-05
   46002.0000       1.91788477E-05
   48002.0000       1.86873858E-05
   50002.0000       1.82943986E-05
   52002.0000       1.79787985E-05
   54002.0000       1.77244656E-05
   56002.0000       1.75189052E-05
   58002.0000       1.73523931E-05
   60002.0000       1.72172440E-05
   62002.0000       1.71073625E-05
   64002.0000       1.70179337E-05
   66002.0000       1.69450668E-05
   68002.0000       1.68856041E-05
   70002.0000       1.68371334E-05
   72002.0000       1.67974977E-05
   74002.0000       1.67651688E-05
   76002.0000       1.67387207E-05
   78002.0000       1.67170783E-05
   80002.0000       1.66994068E-05
   82002.0000       1.66849586E-05
   84002.0000       1.66731425E-05
   86002.0000       1.66634509E-05
   88002.0000       1.66555765E-05
   90002.0000       1.66490590E-05
   92002.0000       1.66436021E-05
   94002.0000       1.66394857E-05
   96002.0000       1.66358477E-05
   98002.0000       1.66325481E-05
   100002.000       1.66307291E-05
   102002.000       1.66289101E-05
   104002.000       1.66270911E-05
   106002.000       1.66252721E-05
   108002.000       1.66234531E-05
   110002.000       1.66228983E-05
   112002.000       1.66228983E-05
   114002.000       1.66228983E-05
   116002.000       1.66228983E-05
   118002.000       1.66228983E-05
   120002.000       1.66228983E-05
   122002.000       1.66228983E-05
   124002.000       1.66228983E-05
   126002.000       1.66228983E-05
   128002.000       1.66228983E-05
   130002.000       1.66228983E-05
   132002.000       1.66228983E-05
   134002.000       1.66228983E-05
   136002.000       1.66228983E-05
   138002.000       1.66228983E-05
   140002.000       1.66228983E-05
   142002.000       1.66228983E-05
   144002.000       1.66228983E-05
   146002.000       1.66228983E-05
   148002.000       1.66228983E-05
   150002.000       1.66228983E-05
   152002.000       1.66228983E-05
   154002.000       1.66228983E-05
   156002.000       1.66228983E-05
   158002.000       1.66228983E-05
   160002.000       1.66228983E-05
   162002.000       1.66228983E-05
   164002.000       1.66228983E-05
   166002.000       1.66228983E-05
   168002.000       1.66228983E-05
   170002.000       1.66228983E-05
   172002.000       1.66228983E-05
   174002.000       1.66228983E-05
   176002.000       1.66228983E-05
   178002.000       1.66228983E-05
   180002.000       1.66228983E-05
   182002.000       1.66228983E-05
   184002.000       1.66228983E-05
   186002.000       1.66228983E-05
   188002.000       1.66228983E-05
   190002.000       1.66228983E-05
   192002.000       1.66228983E-05
   194002.000       1.66228983E-05
   196002.000       1.66228983E-05
   198002.000       1.66228983E-05
