  -15.7797651       1.00000000    
  -15.7481422       0.00000000    
  -15.7165194       2.00000000    
  -15.6848965       0.00000000    
  -15.6532736       1.00000000    
  -15.6216507       0.00000000    
  -15.5900278       0.00000000    
  -15.5584049       1.00000000    
  -15.5267820       0.00000000    
  -15.4951601       1.00000000    
  -15.4635372       0.00000000    
  -15.4319143       1.00000000    
  -15.4002914       1.00000000    
  -15.3686686       0.00000000    
  -15.3370457       0.00000000    
  -15.3054228       0.00000000    
  -15.2737999       1.00000000    
  -15.2421780       2.00000000    
  -15.2105551       3.00000000    
  -15.1789322       2.00000000    
  -15.1473093       0.00000000    
  -15.1156864       2.00000000    
  -15.0840635       1.00000000    
  -15.0524406       0.00000000    
  -15.0208178       0.00000000    
  -14.9891949       0.00000000    
  -14.9575729       1.00000000    
  -14.9259501       1.00000000    
  -14.8943272       1.00000000    
  -14.8627043       0.00000000    
  -14.8310814       0.00000000    
  -14.7994585       0.00000000    
  -14.7678356       1.00000000    
  -14.7362127       2.00000000    
  -14.7045908       2.00000000    
  -14.6729679       0.00000000    
  -14.6413450       1.00000000    
  -14.6097221       0.00000000    
  -14.5780993       2.00000000    
  -14.5464764       2.00000000    
  -14.5148535       3.00000000    
  -14.4832306       0.00000000    
  -14.4516077       3.00000000    
  -14.4199858       2.00000000    
  -14.3883629       1.00000000    
  -14.3567400       3.00000000    
  -14.3251171       2.00000000    
  -14.2934942       3.00000000    
  -14.2618713       0.00000000    
  -14.2302485       2.00000000    
  -14.1986256       2.00000000    
  -14.1670036       0.00000000    
  -14.1353807       2.00000000    
  -14.1037579       2.00000000    
  -14.0721350       0.00000000    
  -14.0405121       1.00000000    
  -14.0088892       2.00000000    
  -13.9772663       2.00000000    
  -13.9456434       2.00000000    
  -13.9140205       3.00000000    
  -13.8823986       0.00000000    
  -13.8507757       2.00000000    
  -13.8191528       3.00000000    
  -13.7875299       2.00000000    
  -13.7559071       1.00000000    
  -13.7242842       5.00000000    
  -13.6926613       2.00000000    
  -13.6610384       3.00000000    
  -13.6294155       1.00000000    
  -13.5977936       2.00000000    
  -13.5661707       1.00000000    
  -13.5345478       2.00000000    
  -13.5029249       0.00000000    
  -13.4713020       3.00000000    
  -13.4396791       0.00000000    
  -13.4080563       5.00000000    
  -13.3764334       1.00000000    
  -13.3448114       3.00000000    
  -13.3131886       4.00000000    
  -13.2815657       2.00000000    
  -13.2499428       6.00000000    
  -13.2183199       1.00000000    
  -13.1866970       6.00000000    
  -13.1550741       1.00000000    
  -13.1234512       3.00000000    
  -13.0918283       6.00000000    
  -13.0602064       4.00000000    
  -13.0285835       6.00000000    
  -12.9969606       5.00000000    
  -12.9653378       8.00000000    
  -12.9337149       3.00000000    
  -12.9020920       4.00000000    
  -12.8704691       3.00000000    
  -12.8388462       5.00000000    
  -12.8072243       5.00000000    
  -12.7756014       4.00000000    
  -12.7439785       8.00000000    
  -12.7123556       5.00000000    
  -12.6807327       4.00000000    
  -12.6491098       7.00000000    
  -12.6174870       7.00000000    
  -12.5858641       6.00000000    
  -12.5542412       6.00000000    
  -12.5226192       14.0000000    
  -12.4909964       7.00000000    
  -12.4593735       7.00000000    
  -12.4277506       9.00000000    
  -12.3961277       4.00000000    
  -12.3645048       4.00000000    
  -12.3328819       5.00000000    
  -12.3012590       6.00000000    
  -12.2696371       6.00000000    
  -12.2380142       7.00000000    
  -12.2063913       10.0000000    
  -12.1747684       7.00000000    
  -12.1431456       7.00000000    
  -12.1115227       8.00000000    
  -12.0798998       4.00000000    
  -12.0482769       4.00000000    
  -12.0166540       9.00000000    
  -11.9850321       4.00000000    
  -11.9534092       9.00000000    
  -11.9217863       9.00000000    
  -11.8901634       11.0000000    
  -11.8585405       5.00000000    
  -11.8269176       5.00000000    
  -11.7952948       8.00000000    
  -11.7636719       8.00000000    
  -11.7320499       9.00000000    
  -11.7004271       9.00000000    
  -11.6688042       12.0000000    
  -11.6371813       7.00000000    
  -11.6055584       12.0000000    
  -11.5739355       12.0000000    
  -11.5423126       12.0000000    
  -11.5106897       5.00000000    
  -11.4790668       6.00000000    
  -11.4474449       8.00000000    
  -11.4158220       14.0000000    
  -11.3841991       7.00000000    
  -11.3525763       14.0000000    
  -11.3209534       7.00000000    
  -11.2893305       13.0000000    
  -11.2577076       7.00000000    
  -11.2260847       13.0000000    
  -11.1944628       10.0000000    
  -11.1628399       16.0000000    
  -11.1312170       13.0000000    
  -11.0995941       16.0000000    
  -11.0679712       15.0000000    
  -11.0363483       11.0000000    
  -11.0047255       16.0000000    
  -10.9731026       14.0000000    
  -10.9414797       16.0000000    
  -10.9098577       9.00000000    
  -10.8782349       14.0000000    
  -10.8466120       13.0000000    
  -10.8149891       12.0000000    
  -10.7833662       7.00000000    
  -10.7517433       13.0000000    
  -10.7201204       26.0000000    
  -10.6884975       16.0000000    
  -10.6568756       20.0000000    
  -10.6252527       17.0000000    
  -10.5936298       21.0000000    
  -10.5620070       20.0000000    
  -10.5303841       17.0000000    
  -10.4987612       22.0000000    
  -10.4671383       17.0000000    
  -10.4355154       23.0000000    
  -10.4038925       23.0000000    
  -10.3722706       14.0000000    
  -10.3406477       15.0000000    
  -10.3090248       23.0000000    
  -10.2774019       21.0000000    
  -10.2457790       23.0000000    
  -10.2141562       20.0000000    
  -10.1825333       27.0000000    
  -10.1509104       25.0000000    
  -10.1192875       21.0000000    
  -10.0876656       23.0000000    
  -10.0560427       18.0000000    
  -10.0244198       19.0000000    
  -9.99279690       28.0000000    
  -9.96117401       27.0000000    
  -9.92955112       35.0000000    
  -9.89792824       29.0000000    
  -9.86630535       25.0000000    
  -9.83468342       19.0000000    
  -9.80306053       18.0000000    
  -9.77143764       29.0000000    
  -9.73981476       17.0000000    
  -9.70819187       23.0000000    
  -9.67656898       25.0000000    
  -9.64494610       32.0000000    
  -9.61332321       41.0000000    
  -9.58170033       37.0000000    
  -9.55007839       31.0000000    
  -9.51845551       40.0000000    
  -9.48683262       30.0000000    
  -9.45520973       30.0000000    
  -9.42358685       27.0000000    
  -9.39196396       18.0000000    
  -9.36034107       39.0000000    
  -9.32871819       27.0000000    
  -9.29709625       52.0000000    
  -9.26547337       28.0000000    
  -9.23385048       34.0000000    
  -9.20222759       34.0000000    
  -9.17060471       40.0000000    
  -9.13898182       37.0000000    
  -9.10735893       34.0000000    
  -9.07573605       40.0000000    
  -9.04411316       41.0000000    
  -9.01249123       41.0000000    
  -8.98086834       33.0000000    
  -8.94924545       42.0000000    
  -8.91762257       36.0000000    
  -8.88599968       34.0000000    
  -8.85437679       42.0000000    
  -8.82275391       48.0000000    
  -8.79113102       31.0000000    
  -8.75950909       51.0000000    
  -8.72788620       45.0000000    
  -8.69626331       39.0000000    
  -8.66464043       40.0000000    
  -8.63301754       54.0000000    
  -8.60139465       41.0000000    
  -8.56977177       56.0000000    
  -8.53814888       36.0000000    
  -8.50652599       47.0000000    
  -8.47490406       37.0000000    
  -8.44328117       51.0000000    
  -8.41165829       50.0000000    
  -8.38003540       48.0000000    
  -8.34841251       57.0000000    
  -8.31678963       51.0000000    
  -8.28516674       51.0000000    
  -8.25354385       46.0000000    
  -8.22192192       56.0000000    
  -8.19029903       53.0000000    
  -8.15867615       60.0000000    
  -8.12705326       49.0000000    
  -8.09543037       53.0000000    
  -8.06380749       56.0000000    
  -8.03218460       44.0000000    
  -8.00056171       47.0000000    
  -7.96893930       63.0000000    
  -7.93731642       48.0000000    
  -7.90569353       63.0000000    
  -7.87407112       51.0000000    
  -7.84244823       65.0000000    
  -7.81082535       72.0000000    
  -7.77920246       67.0000000    
  -7.74758005       59.0000000    
  -7.71595716       68.0000000    
  -7.68433428       72.0000000    
  -7.65271139       72.0000000    
  -7.62108898       63.0000000    
  -7.58946609       60.0000000    
  -7.55784321       68.0000000    
  -7.52622032       68.0000000    
  -7.49459743       69.0000000    
  -7.46297503       74.0000000    
  -7.43135214       66.0000000    
  -7.39972925       79.0000000    
  -7.36810637       79.0000000    
  -7.33648396       77.0000000    
  -7.30486107       64.0000000    
  -7.27323818       70.0000000    
  -7.24161530       72.0000000    
  -7.20999289       72.0000000    
  -7.17837000       83.0000000    
  -7.14674711       92.0000000    
  -7.11512423       73.0000000    
  -7.08350182       76.0000000    
  -7.05187893       81.0000000    
  -7.02025604       104.000000    
  -6.98863316       79.0000000    
  -6.95701027       73.0000000    
  -6.92538786       93.0000000    
  -6.89376497       102.000000    
  -6.86214209       96.0000000    
  -6.83051920       94.0000000    
  -6.79889679       85.0000000    
  -6.76727390       75.0000000    
  -6.73565102       92.0000000    
  -6.70402813       98.0000000    
  -6.67240572       89.0000000    
  -6.64078283       91.0000000    
  -6.60915995       90.0000000    
  -6.57753706       93.0000000    
  -6.54591417       119.000000    
  -6.51429176       105.000000    
  -6.48266888       89.0000000    
  -6.45104599       93.0000000    
  -6.41942310       102.000000    
  -6.38780069       118.000000    
  -6.35617781       126.000000    
  -6.32455492       94.0000000    
  -6.29293203       92.0000000    
  -6.26130962       106.000000    
  -6.22968674       107.000000    
  -6.19806385       114.000000    
  -6.16644096       109.000000    
  -6.13481855       138.000000    
  -6.10319567       127.000000    
  -6.07157278       119.000000    
  -6.03994989       126.000000    
  -6.00832701       102.000000    
  -5.97670460       126.000000    
  -5.94508171       112.000000    
  -5.91345882       110.000000    
  -5.88183594       123.000000    
  -5.85021353       129.000000    
  -5.81859064       104.000000    
  -5.78696775       110.000000    
  -5.75534487       127.000000    
  -5.72372246       138.000000    
  -5.69209957       122.000000    
  -5.66047668       116.000000    
  -5.62885380       122.000000    
  -5.59723139       143.000000    
  -5.56560850       141.000000    
  -5.53398561       130.000000    
  -5.50236273       138.000000    
  -5.47073984       139.000000    
  -5.43911743       140.000000    
  -5.40749454       141.000000    
  -5.37587166       119.000000    
  -5.34424877       134.000000    
  -5.31262636       147.000000    
  -5.28100348       143.000000    
  -5.24938059       126.000000    
  -5.21775770       153.000000    
  -5.18613529       142.000000    
  -5.15451241       147.000000    
  -5.12288952       136.000000    
  -5.09126663       139.000000    
  -5.05964375       145.000000    
  -5.02802134       146.000000    
  -4.99639845       138.000000    
  -4.96477556       137.000000    
  -4.93315268       157.000000    
  -4.90153027       160.000000    
  -4.86990738       174.000000    
  -4.83828449       150.000000    
  -4.80666161       162.000000    
  -4.77503920       163.000000    
  -4.74341631       143.000000    
  -4.71179342       182.000000    
  -4.68017054       167.000000    
  -4.64854813       179.000000    
  -4.61692524       185.000000    
  -4.58530235       141.000000    
  -4.55367947       170.000000    
  -4.52205658       156.000000    
  -4.49043417       169.000000    
  -4.45881128       170.000000    
  -4.42718840       160.000000    
  -4.39556551       157.000000    
  -4.36394310       156.000000    
  -4.33232021       201.000000    
  -4.30069733       176.000000    
  -4.26907444       165.000000    
  -4.23745203       193.000000    
  -4.20582914       187.000000    
  -4.17420626       197.000000    
  -4.14258337       189.000000    
  -4.11096096       198.000000    
  -4.07933807       199.000000    
  -4.04771519       222.000000    
  -4.01609230       188.000000    
  -3.98446965       205.000000    
  -3.95284677       195.000000    
  -3.92122412       206.000000    
  -3.88960123       183.000000    
  -3.85797858       192.000000    
  -3.82635570       199.000000    
  -3.79473305       227.000000    
  -3.76311016       212.000000    
  -3.73148751       201.000000    
  -3.69986463       232.000000    
  -3.66824198       188.000000    
  -3.63661909       225.000000    
  -3.60499644       198.000000    
  -3.57337356       193.000000    
  -3.54175091       191.000000    
  -3.51012802       201.000000    
  -3.47850513       190.000000    
  -3.44688249       178.000000    
  -3.41525960       210.000000    
  -3.38363695       210.000000    
  -3.35201406       229.000000    
  -3.32039142       197.000000    
  -3.28876853       187.000000    
  -3.25714588       225.000000    
  -3.22552299       210.000000    
  -3.19390035       223.000000    
  -3.16227746       205.000000    
  -3.13065481       217.000000    
  -3.09903193       219.000000    
  -3.06740928       228.000000    
  -3.03578639       247.000000    
  -3.00416350       242.000000    
  -2.97254086       194.000000    
  -2.94091797       218.000000    
  -2.90929532       209.000000    
  -2.87767243       187.000000    
  -2.84604979       254.000000    
  -2.81442690       233.000000    
  -2.78280425       229.000000    
  -2.75118136       221.000000    
  -2.71955872       216.000000    
  -2.68793583       254.000000    
  -2.65631318       239.000000    
  -2.62469029       239.000000    
  -2.59306765       237.000000    
  -2.56144476       253.000000    
  -2.52982187       224.000000    
  -2.49819922       253.000000    
  -2.46657634       221.000000    
  -2.43495369       249.000000    
  -2.40333080       259.000000    
  -2.37170815       259.000000    
  -2.34008527       242.000000    
  -2.30846262       241.000000    
  -2.27683973       243.000000    
  -2.24521708       240.000000    
  -2.21359420       239.000000    
  -2.18197155       248.000000    
  -2.15034866       220.000000    
  -2.11872602       271.000000    
  -2.08710313       251.000000    
  -2.05548048       261.000000    
  -2.02385759       252.000000    
  -1.99223483       263.000000    
  -1.96061206       248.000000    
  -1.92898929       261.000000    
  -1.89736652       259.000000    
  -1.86574376       238.000000    
  -1.83412099       224.000000    
  -1.80249822       256.000000    
  -1.77087545       275.000000    
  -1.73925257       250.000000    
  -1.70762980       276.000000    
  -1.67600703       279.000000    
  -1.64438426       255.000000    
  -1.61276150       240.000000    
  -1.58113873       280.000000    
  -1.54951596       264.000000    
  -1.51789320       257.000000    
  -1.48627043       257.000000    
  -1.45464766       270.000000    
  -1.42302489       268.000000    
  -1.39140213       249.000000    
  -1.35977936       268.000000    
  -1.32815659       291.000000    
  -1.29653382       295.000000    
  -1.26491094       280.000000    
  -1.23328817       293.000000    
  -1.20166540       291.000000    
  -1.17004263       291.000000    
  -1.13841987       250.000000    
  -1.10679710       260.000000    
  -1.07517433       262.000000    
  -1.04355156       248.000000    
  -1.01192880       272.000000    
 -0.980306029       306.000000    
 -0.948683262       283.000000    
 -0.917060494       266.000000    
 -0.885437727       274.000000    
 -0.853814900       261.000000    
 -0.822192132       283.000000    
 -0.790569365       294.000000    
 -0.758946598       277.000000    
 -0.727323830       272.000000    
 -0.695701063       263.000000    
 -0.664078295       274.000000    
 -0.632455468       293.000000    
 -0.600832701       286.000000    
 -0.569209933       304.000000    
 -0.537587166       279.000000    
 -0.505964398       309.000000    
 -0.474341631       305.000000    
 -0.442718863       291.000000    
 -0.411096066       279.000000    
 -0.379473299       291.000000    
 -0.347850531       273.000000    
 -0.316227734       262.000000    
 -0.284604967       294.000000    
 -0.252982199       274.000000    
 -0.221359432       281.000000    
 -0.189736649       285.000000    
 -0.158113867       300.000000    
 -0.126491100       298.000000    
  -9.48683247E-02   288.000000    
  -6.32455498E-02   297.000000    
  -3.16227749E-02   302.000000    
   0.00000000       291.000000    
   3.16227749E-02   300.000000    
   6.32455498E-02   297.000000    
   9.48683247E-02   287.000000    
  0.126491100       283.000000    
  0.158113867       301.000000    
  0.189736649       290.000000    
  0.221359432       263.000000    
  0.252982199       285.000000    
  0.284604967       299.000000    
  0.316227734       293.000000    
  0.347850531       286.000000    
  0.379473299       296.000000    
  0.411096066       274.000000    
  0.442718863       296.000000    
  0.474341631       258.000000    
  0.505964398       261.000000    
  0.537587166       289.000000    
  0.569209933       284.000000    
  0.600832701       282.000000    
  0.632455468       277.000000    
  0.664078295       306.000000    
  0.695701063       317.000000    
  0.727323830       278.000000    
  0.758946598       301.000000    
  0.790569365       275.000000    
  0.822192132       279.000000    
  0.853814900       264.000000    
  0.885437727       250.000000    
  0.917060494       279.000000    
  0.948683262       268.000000    
  0.980306029       267.000000    
   1.01192880       245.000000    
   1.04355156       293.000000    
   1.07517433       305.000000    
   1.10679710       233.000000    
   1.13841987       276.000000    
   1.17004263       283.000000    
   1.20166540       277.000000    
   1.23328817       263.000000    
   1.26491094       288.000000    
   1.29653382       265.000000    
   1.32815659       266.000000    
   1.35977936       259.000000    
   1.39140213       271.000000    
   1.42302489       240.000000    
   1.45464766       289.000000    
   1.48627043       300.000000    
   1.51789320       272.000000    
   1.54951596       247.000000    
   1.58113873       275.000000    
   1.61276150       260.000000    
   1.64438426       269.000000    
   1.67600703       265.000000    
   1.70762980       275.000000    
   1.73925257       229.000000    
   1.77087545       253.000000    
   1.80249822       263.000000    
   1.83412099       249.000000    
   1.86574376       263.000000    
   1.89736652       247.000000    
   1.92898929       270.000000    
   1.96061206       220.000000    
   1.99223483       261.000000    
   2.02385759       250.000000    
   2.05548048       246.000000    
   2.08710313       263.000000    
   2.11872602       239.000000    
   2.15034866       247.000000    
   2.18197155       233.000000    
   2.21359420       247.000000    
   2.24521708       233.000000    
   2.27683973       265.000000    
   2.30846262       244.000000    
   2.34008527       252.000000    
   2.37170815       242.000000    
   2.40333080       230.000000    
   2.43495369       262.000000    
   2.46657634       233.000000    
   2.49819922       256.000000    
   2.52982187       226.000000    
   2.56144476       232.000000    
   2.59306765       229.000000    
   2.62469029       240.000000    
   2.65631318       215.000000    
   2.68793583       239.000000    
   2.71955872       224.000000    
   2.75118136       207.000000    
   2.78280425       223.000000    
   2.81442690       232.000000    
   2.84604979       243.000000    
   2.87767243       228.000000    
   2.90929532       252.000000    
   2.94091797       228.000000    
   2.97254086       261.000000    
   3.00416350       210.000000    
   3.03578639       217.000000    
   3.06740928       209.000000    
   3.09903193       212.000000    
   3.13065481       224.000000    
   3.16227746       215.000000    
   3.19390035       214.000000    
   3.22552299       218.000000    
   3.25714588       216.000000    
   3.28876853       199.000000    
   3.32039142       230.000000    
   3.35201406       216.000000    
   3.38363695       226.000000    
   3.41525960       200.000000    
   3.44688249       214.000000    
   3.47850513       207.000000    
   3.51012802       216.000000    
   3.54175091       199.000000    
   3.57337356       204.000000    
   3.60499644       183.000000    
   3.63661909       194.000000    
   3.66824198       218.000000    
   3.69986463       216.000000    
   3.73148751       195.000000    
   3.76311016       178.000000    
   3.79473305       179.000000    
   3.82635570       230.000000    
   3.85797858       182.000000    
   3.88960123       209.000000    
   3.92122412       170.000000    
   3.95284677       164.000000    
   3.98446965       188.000000    
   4.01609230       195.000000    
   4.04771519       194.000000    
   4.07933807       180.000000    
   4.11096096       177.000000    
   4.14258337       162.000000    
   4.17420626       186.000000    
   4.20582914       173.000000    
   4.23745203       182.000000    
   4.26907444       163.000000    
   4.30069733       167.000000    
   4.33232021       151.000000    
   4.36394310       168.000000    
   4.39556551       190.000000    
   4.42718840       151.000000    
   4.45881128       164.000000    
   4.49043417       183.000000    
   4.52205658       206.000000    
   4.55367947       149.000000    
   4.58530235       171.000000    
   4.61692524       175.000000    
   4.64854813       170.000000    
   4.68017054       160.000000    
   4.71179342       160.000000    
   4.74341631       140.000000    
   4.77503920       157.000000    
   4.80666161       147.000000    
   4.83828449       145.000000    
   4.86990738       144.000000    
   4.90153027       136.000000    
   4.93315268       162.000000    
   4.96477556       159.000000    
   4.99639845       167.000000    
   5.02802134       146.000000    
   5.05964375       151.000000    
   5.09126663       142.000000    
   5.12288952       144.000000    
   5.15451241       129.000000    
   5.18613529       165.000000    
   5.21775770       130.000000    
   5.24938059       145.000000    
   5.28100348       141.000000    
   5.31262636       143.000000    
   5.34424877       130.000000    
   5.37587166       125.000000    
   5.40749454       150.000000    
   5.43911743       132.000000    
   5.47073984       150.000000    
   5.50236273       103.000000    
   5.53398561       102.000000    
   5.56560850       142.000000    
   5.59723139       147.000000    
   5.62885380       131.000000    
   5.66047668       130.000000    
   5.69209957       131.000000    
   5.72372246       126.000000    
   5.75534487       117.000000    
   5.78696775       139.000000    
   5.81859064       115.000000    
   5.85021353       107.000000    
   5.88183594       118.000000    
   5.91345882       126.000000    
   5.94508171       115.000000    
   5.97670460       116.000000    
   6.00832701       113.000000    
   6.03994989       121.000000    
   6.07157278       103.000000    
   6.10319567       127.000000    
   6.13481855       132.000000    
   6.16644096       98.0000000    
   6.19806385       93.0000000    
   6.22968674       116.000000    
   6.26130962       97.0000000    
   6.29293203       107.000000    
   6.32455492       111.000000    
   6.35617781       99.0000000    
   6.38780069       119.000000    
   6.41942310       98.0000000    
   6.45104599       103.000000    
   6.48266888       122.000000    
   6.51429176       101.000000    
   6.54591417       111.000000    
   6.57753706       89.0000000    
   6.60915995       92.0000000    
   6.64078283       102.000000    
   6.67240572       92.0000000    
   6.70402813       84.0000000    
   6.73565102       77.0000000    
   6.76727390       103.000000    
   6.79889679       88.0000000    
   6.83051920       91.0000000    
   6.86214209       68.0000000    
   6.89376497       71.0000000    
   6.92538786       94.0000000    
   6.95701027       88.0000000    
   6.98863316       98.0000000    
   7.02025604       76.0000000    
   7.05187893       96.0000000    
   7.08350182       71.0000000    
   7.11512423       89.0000000    
   7.14674711       94.0000000    
   7.17837000       71.0000000    
   7.20999289       69.0000000    
   7.24161530       70.0000000    
   7.27323818       81.0000000    
   7.30486107       76.0000000    
   7.33648396       63.0000000    
   7.36810637       76.0000000    
   7.39972925       48.0000000    
   7.43135214       74.0000000    
   7.46297503       53.0000000    
   7.49459743       80.0000000    
   7.52622032       74.0000000    
   7.55784321       73.0000000    
   7.58946609       58.0000000    
   7.62108898       57.0000000    
   7.65271139       88.0000000    
   7.68433428       53.0000000    
   7.71595716       81.0000000    
   7.74758005       64.0000000    
   7.77920246       66.0000000    
   7.81082535       50.0000000    
   7.84244823       53.0000000    
   7.87407112       75.0000000    
   7.90569353       67.0000000    
   7.93731642       52.0000000    
   7.96893930       64.0000000    
   8.00056171       73.0000000    
   8.03218460       49.0000000    
   8.06380749       63.0000000    
   8.09543037       60.0000000    
   8.12705326       57.0000000    
   8.15867615       55.0000000    
   8.19029903       56.0000000    
   8.22192192       56.0000000    
   8.25354385       49.0000000    
   8.28516674       59.0000000    
   8.31678963       50.0000000    
   8.34841251       42.0000000    
   8.38003540       54.0000000    
   8.41165829       45.0000000    
   8.44328117       55.0000000    
   8.47490406       28.0000000    
   8.50652599       36.0000000    
   8.53814888       36.0000000    
   8.56977177       47.0000000    
   8.60139465       47.0000000    
   8.63301754       36.0000000    
   8.66464043       39.0000000    
   8.69626331       40.0000000    
   8.72788620       30.0000000    
   8.75950909       37.0000000    
   8.79113102       38.0000000    
   8.82275391       36.0000000    
   8.85437679       42.0000000    
   8.88599968       33.0000000    
   8.91762257       50.0000000    
   8.94924545       31.0000000    
   8.98086834       40.0000000    
   9.01249123       31.0000000    
   9.04411316       30.0000000    
   9.07573605       40.0000000    
   9.10735893       36.0000000    
   9.13898182       39.0000000    
   9.17060471       47.0000000    
   9.20222759       40.0000000    
   9.23385048       36.0000000    
   9.26547337       39.0000000    
   9.29709625       27.0000000    
   9.32871819       33.0000000    
   9.36034107       28.0000000    
   9.39196396       25.0000000    
   9.42358685       18.0000000    
   9.45520973       17.0000000    
   9.48683262       28.0000000    
   9.51845551       33.0000000    
   9.55007839       24.0000000    
   9.58170033       17.0000000    
   9.61332321       23.0000000    
   9.64494610       29.0000000    
   9.67656898       16.0000000    
   9.70819187       28.0000000    
   9.73981476       26.0000000    
   9.77143764       25.0000000    
   9.80306053       25.0000000    
   9.83468342       18.0000000    
   9.86630535       29.0000000    
   9.89792824       17.0000000    
   9.92955112       24.0000000    
   9.96117401       27.0000000    
   9.99279690       18.0000000    
   10.0244198       23.0000000    
   10.0560427       21.0000000    
   10.0876656       32.0000000    
   10.1192875       21.0000000    
   10.1509104       17.0000000    
   10.1825333       25.0000000    
   10.2141562       15.0000000    
   10.2457790       23.0000000    
   10.2774019       17.0000000    
   10.3090248       10.0000000    
   10.3406477       22.0000000    
   10.3722706       25.0000000    
   10.4038925       18.0000000    
   10.4355154       17.0000000    
   10.4671383       20.0000000    
   10.4987612       14.0000000    
   10.5303841       19.0000000    
   10.5620070       12.0000000    
   10.5936298       27.0000000    
   10.6252527       20.0000000    
   10.6568756       18.0000000    
   10.6884975       21.0000000    
   10.7201204       22.0000000    
   10.7517433       10.0000000    
   10.7833662       12.0000000    
   10.8149891       16.0000000    
   10.8466120       10.0000000    
   10.8782349       14.0000000    
   10.9098577       12.0000000    
   10.9414797       9.00000000    
   10.9731026       12.0000000    
   11.0047255       15.0000000    
   11.0363483       9.00000000    
   11.0679712       11.0000000    
   11.0995941       13.0000000    
   11.1312170       9.00000000    
   11.1628399       17.0000000    
   11.1944628       10.0000000    
   11.2260847       7.00000000    
   11.2577076       12.0000000    
   11.2893305       13.0000000    
   11.3209534       12.0000000    
   11.3525763       7.00000000    
   11.3841991       11.0000000    
   11.4158220       7.00000000    
   11.4474449       17.0000000    
   11.4790668       15.0000000    
   11.5106897       7.00000000    
   11.5423126       8.00000000    
   11.5739355       10.0000000    
   11.6055584       7.00000000    
   11.6371813       11.0000000    
   11.6688042       4.00000000    
   11.7004271       7.00000000    
   11.7320499       9.00000000    
   11.7636719       13.0000000    
   11.7952948       8.00000000    
   11.8269176       5.00000000    
   11.8585405       11.0000000    
   11.8901634       9.00000000    
   11.9217863       13.0000000    
   11.9534092       10.0000000    
   11.9850321       7.00000000    
   12.0166540       15.0000000    
   12.0482769       6.00000000    
   12.0798998       12.0000000    
   12.1115227       4.00000000    
   12.1431456       6.00000000    
   12.1747684       4.00000000    
   12.2063913       10.0000000    
   12.2380142       8.00000000    
   12.2696371       6.00000000    
   12.3012590       9.00000000    
   12.3328819       5.00000000    
   12.3645048       2.00000000    
   12.3961277       6.00000000    
   12.4277506       4.00000000    
   12.4593735       4.00000000    
   12.4909964       6.00000000    
   12.5226192       8.00000000    
   12.5542412       3.00000000    
   12.5858641       7.00000000    
   12.6174870       5.00000000    
   12.6491098       14.0000000    
   12.6807327       6.00000000    
   12.7123556       5.00000000    
   12.7439785       3.00000000    
   12.7756014       5.00000000    
   12.8072243       9.00000000    
   12.8388462       5.00000000    
   12.8704691       4.00000000    
   12.9020920       3.00000000    
   12.9337149       4.00000000    
   12.9653378       5.00000000    
   12.9969606       4.00000000    
   13.0285835       3.00000000    
   13.0602064       1.00000000    
   13.0918283       4.00000000    
   13.1234512       2.00000000    
   13.1550741       2.00000000    
   13.1866970       5.00000000    
   13.2183199       2.00000000    
   13.2499428       4.00000000    
   13.2815657       3.00000000    
   13.3131886       4.00000000    
   13.3448114       6.00000000    
   13.3764334       5.00000000    
   13.4080563       1.00000000    
   13.4396791       1.00000000    
   13.4713020       2.00000000    
   13.5029249       1.00000000    
   13.5345478       1.00000000    
   13.5661707       3.00000000    
   13.5977936       1.00000000    
   13.6294155       3.00000000    
   13.6610384       3.00000000    
   13.6926613       6.00000000    
   13.7242842       4.00000000    
   13.7559071       3.00000000    
   13.7875299       6.00000000    
   13.8191528       4.00000000    
   13.8507757       1.00000000    
   13.8823986       2.00000000    
   13.9140205       2.00000000    
   13.9456434       2.00000000    
   13.9772663       1.00000000    
   14.0088892       3.00000000    
   14.0405121       1.00000000    
   14.0721350       0.00000000    
   14.1037579       3.00000000    
   14.1353807       4.00000000    
   14.1670036       6.00000000    
   14.1986256       3.00000000    
   14.2302485       1.00000000    
   14.2618713       1.00000000    
   14.2934942       4.00000000    
   14.3251171       3.00000000    
   14.3567400       1.00000000    
   14.3883629       0.00000000    
   14.4199858       2.00000000    
   14.4516077       2.00000000    
   14.4832306       1.00000000    
   14.5148535       4.00000000    
   14.5464764       0.00000000    
   14.5780993       1.00000000    
   14.6097221       2.00000000    
   14.6413450       2.00000000    
   14.6729679       1.00000000    
   14.7045908       3.00000000    
   14.7362127       1.00000000    
   14.7678356       0.00000000    
   14.7994585       1.00000000    
   14.8310814       0.00000000    
   14.8627043       1.00000000    
   14.8943272       0.00000000    
   14.9259501       0.00000000    
   14.9575729       1.00000000    
   14.9891949       0.00000000    
   15.0208178       0.00000000    
   15.0524406       3.00000000    
   15.0840635       1.00000000    
   15.1156864       0.00000000    
   15.1473093       1.00000000    
   15.1789322       0.00000000    
   15.2105551       2.00000000    
   15.2421780       1.00000000    
   15.2737999       0.00000000    
   15.3054228       3.00000000    
   15.3370457       0.00000000    
   15.3686686       1.00000000    
   15.4002914       1.00000000    
   15.4319143       0.00000000    
   15.4635372       1.00000000    
   15.4951601       0.00000000    
   15.5267820       0.00000000    
   15.5584049       0.00000000    
   15.5900278       0.00000000    
   15.6216507       1.00000000    
   15.6532736       1.00000000    
   15.6848965       2.00000000    
   15.7165194       0.00000000    
   15.7481422       0.00000000    
   15.7797651       0.00000000    
