           1  -5.30964986E-04
           2  -1.13785136E-04
           3   3.87705484E-04
           4   1.03458029E-03
           5   7.79687485E-04
           6  -1.56071001E-05
           7   1.25516250E-04
           8  -3.51312861E-04
           9  -1.02464145E-03
          10  -9.13395139E-04
          11  -8.35540821E-04
          12  -1.28721516E-03
          13  -9.98224365E-04
          14  -1.59173366E-03
          15  -1.89336424E-03
          16  -1.44349807E-03
          17  -1.77037960E-03
          18  -1.12368201E-03
          19  -1.55776995E-03
          20  -1.09018036E-03
          21  -6.71772927E-04
          22   1.98219932E-04
          23   2.82500172E-04
          24   6.02249929E-04
          25   7.55490095E-04
          26   8.23366398E-04
          27   9.16761637E-04
          28   1.23101939E-03
          29   1.49651198E-03
          30   1.50765979E-03
          31   1.35480147E-03
          32   1.46581768E-03
          33   1.58600474E-03
          34   1.56664907E-03
          35   1.06237445E-03
          36   1.04786200E-03
          37   7.40146730E-04
          38   4.81361756E-04
          39  -1.46504564E-04
          40  -7.16202558E-05
          41   2.29377096E-04
          42   3.43927182E-04
          43   1.09742963E-04
          44   6.80275494E-04
          45   7.81440292E-04
          46   9.30472102E-04
          47   5.63316862E-04
          48   3.94898729E-04
          49   7.79193942E-05
          50  -8.92058088E-05
          51   1.35540686E-04
          52   5.73009427E-04
          53   1.19034131E-03
          54   1.08400709E-03
          55   9.44379135E-04
          56   1.41165266E-03
          57   1.21813221E-03
          58   1.23679300E-03
          59   6.62422273E-04
          60   8.22668313E-04
          61   1.34445634E-03
          62   1.23389682E-03
          63   1.39416324E-03
          64   6.00778265E-04
          65   1.86952111E-05
          66   9.67035085E-05
          67  -2.32436883E-04
          68  -3.39891703E-04
          69  -1.04029872E-03
          70  -7.86900695E-04
          71  -1.35202063E-04
          72  -4.81652678E-04
          73  -1.42797595E-04
          74   6.28021255E-04
          75   2.91329430E-04
          76   6.98496078E-05
          77   2.55096093E-04
          78  -1.66212471E-04
          79  -4.44473262E-04
          80  -2.21055350E-04
          81  -7.54434514E-05
          82  -5.84571855E-04
          83  -1.75376516E-03
          84  -1.45346404E-03
          85  -1.86368299E-03
          86  -2.08021514E-03
          87  -1.70145673E-03
          88  -1.16850983E-03
          89  -7.38873146E-04
          90  -8.60869768E-04
          91  -1.12694118E-03
          92  -1.52097445E-03
          93  -6.82312762E-04
          94  -4.31161956E-04
          95  -3.37486999E-05
          96   1.34519621E-04
          97   9.61602855E-05
          98  -2.57374166E-04
          99  -9.33624338E-04
         100  -5.31202357E-04
         101  -1.12182822E-03
         102  -1.49612897E-04
         103   9.07773792E-05
         104   7.14553695E-04
         105  -1.39037773E-04
         106   1.67525955E-04
         107   3.19870393E-04
         108   1.04459783E-03
         109   1.47255172E-03
         110   1.68963918E-03
         111   1.91248429E-03
         112   1.57171919E-03
         113   1.59690611E-03
         114   1.45433808E-03
         115   1.49926404E-03
         116   1.34635763E-03
         117   7.70239916E-04
         118   9.93880560E-04
         119   8.48670956E-04
         120   1.15195941E-03
         121   9.68468084E-04
         122   7.17131479E-04
         123   5.09911973E-04
         124   5.97514212E-04
         125   4.54233435E-04
         126  -3.92359303E-04
         127  -6.97955955E-04
         128  -6.42365951E-04
         129  -5.44283721E-05
         130  -2.78572261E-04
         131  -2.19507692E-05
         132   1.56075344E-04
         133   6.32341020E-04
         134   5.10108890E-04
         135   3.05850728E-04
         136   2.04568878E-05
         137  -1.90780484E-04
         138  -4.44439938E-04
         139  -8.17723980E-04
         140  -1.14462397E-03
         141  -8.06795782E-04
         142  -7.71676889E-04
         143  -1.20783006E-04
         144  -2.51643360E-04
         145   3.15942234E-05
         146  -4.56542242E-04
         147  -7.68608705E-04
         148  -6.63449988E-04
         149  -7.80776492E-04
         150  -8.22794100E-04
         151  -4.74996108E-04
         152  -1.41073577E-03
         153  -1.36969006E-03
         154  -1.75674225E-03
         155  -1.22366543E-03
         156  -1.54114293E-03
         157  -2.42614443E-03
         158  -2.19177222E-03
         159  -2.46113446E-03
         160  -3.14151030E-03
         161  -3.04185483E-03
         162  -3.52781010E-03
         163  -3.55993584E-03
         164  -3.39897908E-03
         165  -3.30929412E-03
         166  -3.76146426E-03
         167  -3.95611534E-03
         168  -3.56753147E-03
         169  -3.63247981E-03
         170  -3.19398078E-03
         171  -2.80992012E-03
         172  -2.49237265E-03
         173  -2.47000321E-03
         174  -2.85421545E-03
         175  -2.18049926E-03
         176  -2.27778964E-03
         177  -3.00752814E-03
         178  -3.57361883E-03
         179  -3.28934356E-03
         180  -4.14258847E-03
         181  -4.03751340E-03
         182  -3.61795863E-03
         183  -4.22830880E-03
         184  -4.17979294E-03
         185  -5.03324717E-03
         186  -4.75639477E-03
         187  -5.23391785E-03
         188  -5.00643114E-03
         189  -5.38943987E-03
         190  -4.64790035E-03
         191  -4.86926595E-03
         192  -4.89035575E-03
         193  -5.61124692E-03
         194  -5.44784311E-03
         195  -5.47280721E-03
         196  -6.22702017E-03
         197  -6.42492995E-03
         198  -6.08251849E-03
         199  -6.17215643E-03
         200  -6.08297484E-03
         201  -6.12896914E-03
         202  -6.40269369E-03
         203  -6.61082938E-03
         204  -7.62536051E-03
         205  -7.79594248E-03
         206  -8.01338442E-03
         207  -8.55574012E-03
         208  -9.04701557E-03
         209  -8.61432776E-03
         210  -8.79826117E-03
         211  -8.52919556E-03
         212  -9.19231120E-03
         213  -9.62952524E-03
         214  -9.44151357E-03
         215  -1.00441445E-02
         216  -9.89225134E-03
         217  -8.81803688E-03
         218  -9.24944971E-03
         219  -8.86819232E-03
         220  -9.22934245E-03
         221  -9.03777871E-03
         222  -8.84872116E-03
         223  -9.39114112E-03
         224  -9.63512436E-03
         225  -9.57704615E-03
         226  -9.95430071E-03
         227  -1.01270191E-02
         228  -1.12793995E-02
         229  -1.09858615E-02
         230  -1.10368673E-02
         231  -1.06667308E-02
         232  -9.91121400E-03
         233  -9.10823047E-03
         234  -9.17311851E-03
         235  -9.37913358E-03
         236  -8.82848725E-03
         237  -8.52175988E-03
         238  -8.33412074E-03
         239  -8.55932292E-03
         240  -9.26810596E-03
         241  -9.14116763E-03
         242  -9.52122919E-03
         243  -9.70652513E-03
         244  -1.04780393E-02
         245  -1.03386817E-02
         246  -1.04055684E-02
         247  -1.03184776E-02
         248  -1.03542674E-02
         249  -1.00676669E-02
         250  -1.05834268E-02
         251  -1.05457809E-02
         252  -9.52715334E-03
         253  -9.27415956E-03
         254  -1.00257108E-02
         255  -9.03378054E-03
         256  -9.32108145E-03
         257  -9.26549267E-03
         258  -8.77609197E-03
         259  -9.23613831E-03
         260  -9.34326090E-03
         261  -9.11971275E-03
         262  -9.30097792E-03
         263  -9.38390847E-03
         264  -9.31086857E-03
         265  -9.06682294E-03
         266  -9.03852377E-03
         267  -9.85426549E-03
         268  -1.01293586E-02
         269  -1.08468076E-02
         270  -1.05027929E-02
         271  -1.06229810E-02
         272  -1.00263609E-02
         273  -9.35663376E-03
         274  -9.30578168E-03
         275  -9.83445533E-03
         276  -9.62897670E-03
         277  -9.56594385E-03
         278  -9.68880579E-03
         279  -9.97130480E-03
         280  -9.95841436E-03
         281  -1.00276852E-02
         282  -9.66792088E-03
         283  -9.80779715E-03
         284  -9.08924174E-03
         285  -9.63864103E-03
         286  -1.00302184E-02
         287  -1.06613450E-02
         288  -1.09770615E-02
         289  -1.09477807E-02
         290  -1.05828904E-02
         291  -9.92169045E-03
         292  -1.00665437E-02
         293  -1.10265333E-02
         294  -1.07898563E-02
         295  -1.01135923E-02
         296  -1.02377711E-02
         297  -8.99746921E-03
         298  -9.19894595E-03
         299  -9.10908543E-03
         300  -9.04970244E-03
         301  -9.03084874E-03
         302  -9.52981971E-03
         303  -9.62469634E-03
         304  -1.09081902E-02
         305  -1.13103418E-02
         306  -1.16820727E-02
         307  -1.16285421E-02
         308  -1.17922379E-02
         309  -1.16445739E-02
         310  -1.21713253E-02
         311  -1.13780471E-02
         312  -1.11938110E-02
         313  -1.14465682E-02
         314  -1.19846147E-02
         315  -1.22804036E-02
         316  -1.26490230E-02
         317  -1.41376099E-02
         318  -1.40842525E-02
         319  -1.30898925E-02
         320  -1.34436954E-02
         321  -1.33663574E-02
         322  -1.31979147E-02
         323  -1.32073462E-02
         324  -1.32540260E-02
         325  -1.33462185E-02
         326  -1.25824660E-02
         327  -1.21953441E-02
         328  -1.18261268E-02
         329  -1.21610891E-02
         330  -1.20195309E-02
         331  -1.18440744E-02
         332  -1.20949084E-02
         333  -1.24596069E-02
         334  -1.26574459E-02
         335  -1.26326745E-02
         336  -1.30682150E-02
         337  -1.26295593E-02
         338  -1.28780054E-02
         339  -1.33441444E-02
         340  -1.30022597E-02
         341  -1.34710446E-02
         342  -1.37787955E-02
         343  -1.32870134E-02
         344  -1.30947353E-02
         345  -1.26453908E-02
         346  -1.28353173E-02
         347  -1.31763853E-02
         348  -1.39853433E-02
         349  -1.33285243E-02
         350  -1.31919822E-02
         351  -1.40402503E-02
         352  -1.41637418E-02
         353  -1.48261301E-02
         354  -1.52696054E-02
         355  -1.53783448E-02
         356  -1.64296776E-02
         357  -1.73895266E-02
         358  -1.70168336E-02
         359  -1.64168719E-02
         360  -1.65664982E-02
         361  -1.62705854E-02
         362  -1.59442257E-02
         363  -1.54957166E-02
         364  -1.60514079E-02
         365  -1.53955249E-02
         366  -1.51125500E-02
         367  -1.60375684E-02
         368  -1.58430487E-02
         369  -1.61968488E-02
         370  -1.62592977E-02
         371  -1.63097791E-02
         372  -1.59537978E-02
         373  -1.61536504E-02
         374  -1.57781150E-02
         375  -1.53854126E-02
         376  -1.52795743E-02
         377  -1.57898497E-02
         378  -1.60773937E-02
         379  -1.59778129E-02
         380  -1.60405226E-02
         381  -1.56661626E-02
         382  -1.50998011E-02
         383  -1.46375913E-02
         384  -1.47656705E-02
         385  -1.46934902E-02
         386  -1.49540957E-02
         387  -1.50086293E-02
         388  -1.50631042E-02
         389  -1.44791678E-02
         390  -1.45679228E-02
         391  -1.49943754E-02
         392  -1.47174001E-02
         393  -1.49604129E-02
         394  -1.53972264E-02
         395  -1.56237734E-02
         396  -1.55518344E-02
         397  -1.57536883E-02
         398  -1.52624063E-02
         399  -1.49136325E-02
         400  -1.44605469E-02
         401  -1.41603537E-02
         402  -1.47142410E-02
         403  -1.52002526E-02
         404  -1.44007895E-02
         405  -1.50713930E-02
         406  -1.50295580E-02
         407  -1.53448181E-02
         408  -1.56593416E-02
         409  -1.57165434E-02
         410  -1.61958039E-02
         411  -1.62631404E-02
         412  -1.66041106E-02
         413  -1.64500643E-02
         414  -1.68043561E-02
         415  -1.65112820E-02
         416  -1.65089294E-02
         417  -1.61285270E-02
         418  -1.57582276E-02
         419  -1.51700461E-02
         420  -1.52754309E-02
         421  -1.48334494E-02
         422  -1.44489584E-02
         423  -1.37687111E-02
         424  -1.47894761E-02
         425  -1.44728096E-02
         426  -1.49876392E-02
         427  -1.52998855E-02
         428  -1.50783425E-02
         429  -1.48173878E-02
         430  -1.46291638E-02
         431  -1.46605559E-02
         432  -1.38635058E-02
         433  -1.41446395E-02
         434  -1.39246825E-02
         435  -1.33001693E-02
         436  -1.37366550E-02
         437  -1.38046145E-02
         438  -1.40552260E-02
         439  -1.34918699E-02
         440  -1.35184312E-02
         441  -1.29305888E-02
         442  -1.34054823E-02
         443  -1.32030528E-02
         444  -1.25550339E-02
         445  -1.29314885E-02
         446  -1.29912673E-02
         447  -1.29859615E-02
         448  -1.35940919E-02
         449  -1.35284318E-02
         450  -1.35592148E-02
         451  -1.33387810E-02
         452  -1.31595805E-02
         453  -1.30723976E-02
         454  -1.31159872E-02
         455  -1.36933085E-02
         456  -1.36102298E-02
         457  -1.41467676E-02
         458  -1.32181747E-02
         459  -1.37177026E-02
         460  -1.29577490E-02
         461  -1.35293435E-02
         462  -1.35610253E-02
         463  -1.34952720E-02
         464  -1.34186009E-02
         465  -1.33235008E-02
         466  -1.31130489E-02
         467  -1.29191410E-02
         468  -1.27104921E-02
         469  -1.19318198E-02
         470  -1.23110274E-02
         471  -1.20040746E-02
         472  -1.26845837E-02
         473  -1.37205794E-02
         474  -1.37816127E-02
         475  -1.38200987E-02
         476  -1.38068795E-02
         477  -1.44433677E-02
         478  -1.45795969E-02
         479  -1.49744032E-02
         480  -1.52103975E-02
         481  -1.46656362E-02
         482  -1.45855807E-02
         483  -1.40339248E-02
         484  -1.30366348E-02
         485  -1.27530098E-02
         486  -1.29406601E-02
         487  -1.32077206E-02
         488  -1.30747817E-02
         489  -1.30175110E-02
         490  -1.31840585E-02
         491  -1.21426443E-02
         492  -1.19334795E-02
         493  -1.26504600E-02
         494  -1.25266286E-02
         495  -1.19484654E-02
         496  -1.24670826E-02
         497  -1.20920911E-02
         498  -1.20044919E-02
         499  -1.14995716E-02
         500  -1.13311149E-02
         501  -1.14720883E-02
         502  -1.14343856E-02
         503  -1.15637891E-02
         504  -1.07606770E-02
         505  -1.04520060E-02
         506  -1.07260756E-02
         507  -1.08958324E-02
         508  -1.03842495E-02
         509  -1.04852831E-02
         510  -1.05223404E-02
         511  -1.09649375E-02
         512  -1.22653525E-02
         513  -1.22860922E-02
         514  -1.18380077E-02
         515  -1.14032310E-02
         516  -1.17301038E-02
         517  -1.15770018E-02
         518  -1.13846324E-02
         519  -1.19761629E-02
         520  -1.21375527E-02
         521  -1.18253576E-02
         522  -1.19698374E-02
         523  -1.20280711E-02
         524  -1.25038261E-02
         525  -1.20684691E-02
         526  -1.12260208E-02
         527  -1.13912756E-02
         528  -1.13686491E-02
         529  -1.13801369E-02
         530  -1.14696231E-02
         531  -1.10842846E-02
         532  -1.16946846E-02
         533  -1.17467493E-02
         534  -1.21191796E-02
         535  -1.21464450E-02
         536  -1.22788940E-02
         537  -1.25061618E-02
         538  -1.30248256E-02
         539  -1.26482882E-02
         540  -1.26703074E-02
         541  -1.24174953E-02
         542  -1.24443974E-02
         543  -1.27274133E-02
         544  -1.32727781E-02
         545  -1.34863341E-02
         546  -1.32264877E-02
         547  -1.26374504E-02
         548  -1.30753610E-02
         549  -1.30458102E-02
         550  -1.23378234E-02
         551  -1.28922639E-02
         552  -1.31378574E-02
         553  -1.27930185E-02
         554  -1.22967456E-02
         555  -1.17146326E-02
         556  -1.16958385E-02
         557  -1.09374961E-02
         558  -1.02107413E-02
         559  -1.04280319E-02
         560  -1.12199411E-02
         561  -1.09034590E-02
         562  -1.05746901E-02
         563  -1.05517432E-02
         564  -1.08768810E-02
         565  -1.12899486E-02
         566  -1.12431813E-02
         567  -1.13925468E-02
         568  -1.16866287E-02
         569  -1.16438475E-02
         570  -1.12806140E-02
         571  -1.09397024E-02
         572  -1.20206187E-02
         573  -1.24037461E-02
         574  -1.24948304E-02
         575  -1.24173304E-02
         576  -1.23528382E-02
         577  -1.22278491E-02
         578  -1.23230312E-02
         579  -1.30253565E-02
         580  -1.30228149E-02
         581  -1.19409841E-02
         582  -1.11766616E-02
         583  -1.07605262E-02
         584  -1.13695106E-02
         585  -1.16621908E-02
         586  -1.20547349E-02
         587  -1.11329239E-02
         588  -1.23421242E-02
         589  -1.21704191E-02
         590  -1.15540726E-02
         591  -1.15844933E-02
         592  -1.16408654E-02
         593  -1.12961465E-02
         594  -1.12822233E-02
         595  -1.13664595E-02
         596  -1.18017783E-02
         597  -1.21630607E-02
         598  -1.19746774E-02
         599  -1.22945253E-02
         600  -1.26913236E-02
         601  -1.26013542E-02
         602  -1.28543852E-02
         603  -1.27453553E-02
         604  -1.31439054E-02
         605  -1.31239304E-02
         606  -1.31715415E-02
         607  -1.35756209E-02
         608  -1.29233655E-02
         609  -1.32118212E-02
         610  -1.28312316E-02
         611  -1.28032137E-02
         612  -1.28900269E-02
         613  -1.26481401E-02
         614  -1.25841014E-02
         615  -1.25437193E-02
         616  -1.29568735E-02
         617  -1.35973403E-02
         618  -1.35163087E-02
         619  -1.37284826E-02
         620  -1.36028882E-02
         621  -1.35055203E-02
         622  -1.41472854E-02
         623  -1.42862648E-02
         624  -1.48875527E-02
         625  -1.44288978E-02
         626  -1.46243246E-02
         627  -1.47957541E-02
         628  -1.42286252E-02
         629  -1.42123485E-02
         630  -1.44045101E-02
         631  -1.38342073E-02
         632  -1.40642691E-02
         633  -1.44385416E-02
         634  -1.40485587E-02
         635  -1.43858325E-02
         636  -1.46464808E-02
         637  -1.43723311E-02
         638  -1.46818506E-02
         639  -1.52078792E-02
         640  -1.51868397E-02
         641  -1.52376760E-02
         642  -1.56370383E-02
         643  -1.64079107E-02
         644  -1.67592764E-02
         645  -1.67166814E-02
         646  -1.68760270E-02
         647  -1.68058798E-02
         648  -1.73886120E-02
         649  -1.65221412E-02
         650  -1.69788878E-02
         651  -1.67042855E-02
         652  -1.63331479E-02
         653  -1.53433457E-02
         654  -1.53471753E-02
         655  -1.46900956E-02
         656  -1.44910365E-02
         657  -1.43261105E-02
         658  -1.42193045E-02
         659  -1.46547789E-02
         660  -1.52853103E-02
         661  -1.54774524E-02
         662  -1.50569137E-02
         663  -1.54812215E-02
         664  -1.58852022E-02
         665  -1.57338604E-02
         666  -1.56523399E-02
         667  -1.50674302E-02
         668  -1.57209300E-02
         669  -1.58834998E-02
         670  -1.57421846E-02
         671  -1.53375501E-02
         672  -1.50576318E-02
         673  -1.49263991E-02
         674  -1.40665798E-02
         675  -1.37311881E-02
         676  -1.35576185E-02
         677  -1.39000528E-02
         678  -1.45041663E-02
         679  -1.42295081E-02
         680  -1.42008606E-02
         681  -1.32338181E-02
         682  -1.29676126E-02
         683  -1.32481558E-02
         684  -1.31838098E-02
         685  -1.33327823E-02
         686  -1.26053784E-02
         687  -1.28258346E-02
         688  -1.28422789E-02
         689  -1.29570859E-02
         690  -1.30079770E-02
         691  -1.28748259E-02
         692  -1.26735196E-02
         693  -1.25109209E-02
         694  -1.30752344E-02
         695  -1.33480076E-02
         696  -1.32048279E-02
         697  -1.31609365E-02
         698  -1.39563652E-02
         699  -1.41572254E-02
         700  -1.39545389E-02
         701  -1.42100686E-02
         702  -1.39475474E-02
         703  -1.45460367E-02
         704  -1.50179239E-02
         705  -1.46832922E-02
         706  -1.48086455E-02
         707  -1.47919301E-02
         708  -1.47934752E-02
         709  -1.45470798E-02
         710  -1.41521301E-02
         711  -1.36572914E-02
         712  -1.38940150E-02
         713  -1.47385066E-02
         714  -1.43642863E-02
         715  -1.52468346E-02
         716  -1.56380888E-02
         717  -1.56218056E-02
         718  -1.60119180E-02
         719  -1.56594142E-02
         720  -1.55443130E-02
         721  -1.52674662E-02
         722  -1.47607056E-02
         723  -1.54253915E-02
         724  -1.49019258E-02
         725  -1.45757664E-02
         726  -1.39941517E-02
         727  -1.37798963E-02
         728  -1.35611044E-02
         729  -1.33410767E-02
         730  -1.31277591E-02
         731  -1.24503709E-02
         732  -1.27782589E-02
         733  -1.27511425E-02
         734  -1.32294130E-02
         735  -1.33143729E-02
         736  -1.41053610E-02
         737  -1.41428187E-02
         738  -1.39340013E-02
         739  -1.46947037E-02
         740  -1.44755039E-02
         741  -1.43125840E-02
         742  -1.40641574E-02
         743  -1.43677089E-02
         744  -1.49720302E-02
         745  -1.48440367E-02
         746  -1.42761059E-02
         747  -1.45353274E-02
         748  -1.47583606E-02
         749  -1.57272778E-02
         750  -1.53495632E-02
         751  -1.48759326E-02
         752  -1.48809049E-02
         753  -1.57133956E-02
         754  -1.58054754E-02
         755  -1.54308388E-02
         756  -1.50566380E-02
         757  -1.51234400E-02
         758  -1.56913642E-02
         759  -1.61965638E-02
         760  -1.62189621E-02
         761  -1.61858946E-02
         762  -1.55974207E-02
         763  -1.56493131E-02
         764  -1.65608432E-02
         765  -1.68625508E-02
         766  -1.64576918E-02
         767  -1.57378092E-02
         768  -1.57496966E-02
         769  -1.55967623E-02
         770  -1.56667549E-02
         771  -1.60373617E-02
         772  -1.61007047E-02
         773  -1.58205256E-02
         774  -1.57639738E-02
         775  -1.60113033E-02
         776  -1.58686824E-02
         777  -1.67723335E-02
         778  -1.67454965E-02
         779  -1.68077070E-02
         780  -1.73009727E-02
         781  -1.74180940E-02
         782  -1.68334115E-02
         783  -1.71606522E-02
         784  -1.65707059E-02
         785  -1.71545465E-02
         786  -1.71094500E-02
         787  -1.69109367E-02
         788  -1.72897503E-02
         789  -1.64336469E-02
         790  -1.64190717E-02
         791  -1.64752100E-02
         792  -1.69763602E-02
         793  -1.79351997E-02
         794  -1.79443173E-02
         795  -1.73844732E-02
         796  -1.70857403E-02
         797  -1.71875991E-02
         798  -1.69635471E-02
         799  -1.73824765E-02
         800  -1.70130599E-02
         801  -1.70120243E-02
         802  -1.71725750E-02
         803  -1.71387624E-02
         804  -1.69859063E-02
         805  -1.66334994E-02
         806  -1.64556969E-02
         807  -1.65259782E-02
         808  -1.64120775E-02
         809  -1.64088067E-02
         810  -1.56224491E-02
         811  -1.63971949E-02
         812  -1.60380676E-02
         813  -1.72544122E-02
         814  -1.74703114E-02
         815  -1.65548772E-02
         816  -1.64504126E-02
         817  -1.59655474E-02
         818  -1.53350085E-02
         819  -1.57672614E-02
         820  -1.54915377E-02
         821  -1.55446008E-02
         822  -1.54186357E-02
         823  -1.51910475E-02
         824  -1.50352791E-02
         825  -1.48221171E-02
         826  -1.41280815E-02
         827  -1.40669541E-02
         828  -1.41344555E-02
         829  -1.42531116E-02
         830  -1.42295957E-02
         831  -1.41627993E-02
         832  -1.36236437E-02
         833  -1.37924328E-02
         834  -1.34837972E-02
         835  -1.28525998E-02
         836  -1.25724375E-02
         837  -1.27994101E-02
         838  -1.26363840E-02
         839  -1.23744523E-02
         840  -1.30863655E-02
         841  -1.36149246E-02
         842  -1.32098319E-02
         843  -1.31388102E-02
         844  -1.30838249E-02
         845  -1.31298136E-02
         846  -1.23745268E-02
         847  -1.20896837E-02
         848  -1.20653817E-02
         849  -1.13630099E-02
         850  -1.12456214E-02
         851  -1.11791613E-02
         852  -1.11366613E-02
         853  -1.14485426E-02
         854  -1.12667056E-02
         855  -1.14185978E-02
         856  -1.17487060E-02
         857  -1.17289601E-02
         858  -1.21381786E-02
         859  -1.16799967E-02
         860  -1.17920479E-02
         861  -1.15209715E-02
         862  -1.18100578E-02
         863  -1.20388614E-02
         864  -1.15725659E-02
         865  -1.20094242E-02
         866  -1.21076256E-02
         867  -1.15999728E-02
         868  -1.19248508E-02
         869  -1.20361885E-02
         870  -1.22936815E-02
         871  -1.14234546E-02
         872  -1.06762918E-02
         873  -1.07056107E-02
         874  -1.14591736E-02
         875  -1.17861135E-02
         876  -1.15709510E-02
         877  -1.19801108E-02
         878  -1.13944421E-02
         879  -1.13476291E-02
         880  -1.16489688E-02
         881  -1.10726831E-02
         882  -1.11058401E-02
         883  -1.15598328E-02
         884  -1.18422024E-02
         885  -1.19916759E-02
         886  -1.18064042E-02
         887  -1.23696961E-02
         888  -1.29510807E-02
         889  -1.30507657E-02
         890  -1.32239684E-02
         891  -1.34937977E-02
         892  -1.37685258E-02
         893  -1.36225540E-02
         894  -1.35608446E-02
         895  -1.31754782E-02
         896  -1.34382444E-02
         897  -1.32543128E-02
         898  -1.31314425E-02
         899  -1.26470076E-02
         900  -1.30016953E-02
         901  -1.26596903E-02
         902  -1.31269144E-02
         903  -1.28100337E-02
         904  -1.22014126E-02
         905  -1.15438253E-02
         906  -1.04835350E-02
         907  -1.02677513E-02
         908  -1.01939132E-02
         909  -9.91263147E-03
         910  -9.66879353E-03
         911  -9.55693517E-03
         912  -1.01054404E-02
         913  -1.10097220E-02
         914  -1.13558657E-02
         915  -1.08292298E-02
         916  -1.09985033E-02
         917  -1.11992806E-02
         918  -1.19104860E-02
         919  -1.27462419E-02
         920  -1.24295698E-02
         921  -1.25963381E-02
         922  -1.30410837E-02
         923  -1.34276981E-02
         924  -1.36307143E-02
         925  -1.35603165E-02
         926  -1.30478116E-02
         927  -1.27820242E-02
         928  -1.25095854E-02
         929  -1.22903530E-02
         930  -1.18702333E-02
         931  -1.19029628E-02
         932  -1.22871688E-02
         933  -1.24856448E-02
         934  -1.33783314E-02
         935  -1.30015528E-02
         936  -1.25223855E-02
         937  -1.23438844E-02
         938  -1.26665561E-02
         939  -1.19166551E-02
         940  -1.24370083E-02
         941  -1.25027830E-02
         942  -1.25845931E-02
         943  -1.24105969E-02
         944  -1.25137260E-02
         945  -1.31823206E-02
         946  -1.28888674E-02
         947  -1.26983020E-02
         948  -1.21731982E-02
         949  -1.17679704E-02
         950  -1.18332803E-02
         951  -1.18111838E-02
         952  -1.19699584E-02
         953  -1.12959836E-02
         954  -1.02635147E-02
         955  -9.55234654E-03
         956  -9.59065836E-03
         957  -9.97910928E-03
         958  -1.00936200E-02
         959  -1.02514634E-02
         960  -1.04381638E-02
         961  -1.03957262E-02
         962  -1.01839080E-02
         963  -1.05603458E-02
         964  -9.62288305E-03
         965  -9.63462703E-03
         966  -1.00832796E-02
         967  -1.07162623E-02
         968  -1.04348967E-02
         969  -1.09410500E-02
         970  -1.05239796E-02
         971  -1.09728687E-02
         972  -1.01229744E-02
         973  -9.78552643E-03
         974  -9.98710655E-03
         975  -1.04824780E-02
         976  -1.00365700E-02
         977  -9.99932457E-03
         978  -1.01246163E-02
         979  -1.00161312E-02
         980  -9.70266014E-03
         981  -9.74671915E-03
         982  -1.01393918E-02
         983  -1.00234281E-02
         984  -9.25146136E-03
         985  -9.13250074E-03
         986  -9.85541940E-03
         987  -9.27279796E-03
         988  -9.42830835E-03
         989  -9.69470292E-03
         990  -9.44658276E-03
         991  -9.39784199E-03
         992  -9.81326401E-03
         993  -9.20727570E-03
         994  -8.90861545E-03
         995  -8.77796952E-03
         996  -9.64384153E-03
         997  -9.71424952E-03
         998  -9.75986850E-03
         999  -8.99293739E-03
        1000  -8.82412214E-03
