           1   2.01008525E-02
           2   4.03252989E-02
           3   6.02287613E-02
           4   8.03347528E-02
           5  0.100885987    
           6  0.120921835    
           7  0.141322657    
           8  0.160822526    
           9  0.180657208    
          10  0.201110542    
          11  0.221475959    
          12  0.241905883    
          13  0.261881739    
          14  0.281680763    
          15  0.301743239    
          16  0.322129935    
          17  0.341594636    
          18  0.360819578    
          19  0.380939215    
          20  0.400715619    
          21  0.420545697    
          22  0.440194011    
          23  0.460473895    
          24  0.480739832    
          25  0.500175476    
          26  0.519571245    
          27  0.539375365    
          28  0.558287978    
          29  0.577388644    
          30  0.598357558    
          31  0.617558599    
          32  0.637982368    
          33  0.657878757    
          34  0.677916944    
          35  0.698091507    
          36  0.719492793    
          37  0.738927901    
          38  0.759856224    
          39  0.780367792    
          40  0.799244225    
          41  0.820232451    
          42  0.838368535    
          43  0.858128726    
          44  0.878930211    
          45  0.899155617    
          46  0.919072211    
          47  0.939423621    
          48  0.958618999    
          49  0.980194449    
          50   1.00025284    
          51   1.02059770    
          52   1.03939342    
          53   1.05964828    
          54   1.07919347    
          55   1.09954357    
          56   1.12033236    
          57   1.14099586    
          58   1.16159976    
          59   1.18169069    
          60   1.20140529    
          61   1.22195745    
          62   1.24124980    
          63   1.25995910    
          64   1.27844417    
          65   1.29786909    
          66   1.31781816    
          67   1.33707047    
          68   1.35520005    
          69   1.37592638    
          70   1.39539373    
          71   1.41314828    
          72   1.43338871    
          73   1.45370865    
          74   1.47255504    
          75   1.49252403    
          76   1.51051283    
          77   1.53129280    
          78   1.55116534    
          79   1.57146239    
          80   1.59017074    
          81   1.60905862    
          82   1.63041532    
          83   1.65194011    
          84   1.67242301    
          85   1.69384933    
          86   1.71296871    
          87   1.73125863    
          88   1.74914312    
          89   1.76895809    
          90   1.78930235    
          91   1.81004655    
          92   1.83230269    
          93   1.85031784    
          94   1.86849236    
          95   1.88865626    
          96   1.90890372    
          97   1.92952073    
          98   1.94879484    
          99   1.96847892    
         100   1.98770690    
         101   2.00825763    
         102   2.02893901    
         103   2.04647851    
         104   2.06651187    
         105   2.08696461    
         106   2.10608697    
         107   2.12335253    
         108   2.14152479    
         109   2.16215658    
         110   2.18337202    
         111   2.20322251    
         112   2.22565866    
         113   2.24681473    
         114   2.26789236    
         115   2.28948116    
         116   2.31066847    
         117   2.33174086    
         118   2.35136819    
         119   2.37250566    
         120   2.39245057    
         121   2.41441274    
         122   2.43455791    
         123   2.45488334    
         124   2.47536230    
         125   2.49673820    
         126   2.51620221    
         127   2.53583789    
         128   2.55650711    
         129   2.57975674    
         130   2.59782434    
         131   2.61554098    
         132   2.63698459    
         133   2.65687895    
         134   2.67722678    
         135   2.69940782    
         136   2.71836996    
         137   2.73698473    
         138   2.75922561    
         139   2.77894974    
         140   2.79868722    
         141   2.81774926    
         142   2.83725691    
         143   2.85657191    
         144   2.87652946    
         145   2.89620709    
         146   2.91678739    
         147   2.93572807    
         148   2.95485520    
         149   2.97538686    
         150   2.99692416    
         151   3.01720810    
         152   3.03319788    
         153   3.05448103    
         154   3.07441688    
         155   3.09438872    
         156   3.11835146    
         157   3.13846993    
         158   3.15937090    
         159   3.17459369    
         160   3.19214725    
         161   3.21231771    
         162   3.23194933    
         163   3.25245380    
         164   3.27063346    
         165   3.29053998    
         166   3.30842805    
         167   3.33030725    
         168   3.35188007    
         169   3.37036896    
         170   3.39010692    
         171   3.40966964    
         172   3.42857313    
         173   3.44954133    
         174   3.46911693    
         175   3.49021554    
         176   3.50683761    
         177   3.52480412    
         178   3.54557061    
         179   3.56652117    
         180   3.58781886    
         181   3.60550427    
         182   3.62509441    
         183   3.64389491    
         184   3.66228437    
         185   3.68410468    
         186   3.70738649    
         187   3.72735167    
         188   3.75121665    
         189   3.77416968    
         190   3.79272151    
         191   3.81446910    
         192   3.83563995    
         193   3.85321212    
         194   3.87317538    
         195   3.89130497    
         196   3.91274428    
         197   3.93423510    
         198   3.95559645    
         199   3.97757649    
         200   4.00084925    
         201   4.02149773    
         202   4.03909492    
         203   4.05815744    
         204   4.07552242    
         205   4.09224892    
         206   4.11388111    
         207   4.13133240    
         208   4.15650415    
         209   4.17271948    
         210   4.19179773    
         211   4.21018696    
         212   4.22916508    
         213   4.24694729    
         214   4.26937485    
         215   4.28731298    
         216   4.30472803    
         217   4.32647324    
         218   4.34679127    
         219   4.36386871    
         220   4.38424921    
         221   4.40430164    
         222   4.42515326    
         223   4.44593477    
         224   4.46643114    
         225   4.48651600    
         226   4.50656414    
         227   4.52726603    
         228   4.54996490    
         229   4.56962538    
         230   4.59010267    
         231   4.61115551    
         232   4.63350296    
         233   4.65296364    
         234   4.67207003    
         235   4.69177103    
         236   4.71191549    
         237   4.73264360    
         238   4.75136280    
         239   4.77256393    
         240   4.79454851    
         241   4.81404877    
         242   4.83795834    
         243   4.85799170    
         244   4.87501335    
         245   4.89183044    
         246   4.91265631    
         247   4.93507242    
         248   4.95286417    
         249   4.97154379    
         250   4.99248934    
         251   5.00916767    
         252   5.02933979    
         253   5.05019760    
         254   5.07235050    
         255   5.09035921    
         256   5.11109114    
         257   5.12699604    
         258   5.14668083    
         259   5.16801882    
         260   5.18881083    
         261   5.20694828    
         262   5.22625351    
         263   5.24910688    
         264   5.26729918    
         265   5.28782701    
         266   5.30886555    
         267   5.33104229    
         268   5.34822893    
         269   5.37005520    
         270   5.39020252    
         271   5.40934896    
         272   5.42964697    
         273   5.45095825    
         274   5.46622992    
         275   5.48987389    
         276   5.51116371    
         277   5.52903366    
         278   5.54702044    
         279   5.56863689    
         280   5.58546019    
         281   5.60201168    
         282   5.61980104    
         283   5.63916254    
         284   5.65732622    
         285   5.68108797    
         286   5.70451689    
         287   5.72224045    
         288   5.74281073    
         289   5.76264620    
         290   5.78220892    
         291   5.80319881    
         292   5.82633877    
         293   5.84637165    
         294   5.86470890    
         295   5.88326693    
         296   5.90364981    
         297   5.92355442    
         298   5.94366550    
         299   5.96451139    
         300   5.98311996    
         301   6.00392008    
         302   6.02427864    
         303   6.04565477    
         304   6.06286860    
         305   6.08126211    
         306   6.10088682    
         307   6.12057924    
         308   6.14328671    
         309   6.16124296    
         310   6.17996931    
         311   6.19688797    
         312   6.21791363    
         313   6.23641396    
         314   6.25729513    
         315   6.27629185    
         316   6.29460049    
         317   6.31477880    
         318   6.33374166    
         319   6.35232830    
         320   6.37589884    
         321   6.39686203    
         322   6.41425991    
         323   6.43649960    
         324   6.45581675    
         325   6.47514486    
         326   6.49489307    
         327   6.51370955    
         328   6.53594255    
         329   6.55484295    
         330   6.57357883    
         331   6.58984709    
         332   6.60842371    
         333   6.63306379    
         334   6.65203762    
         335   6.67478609    
         336   6.69531107    
         337   6.71628332    
         338   6.73229694    
         339   6.75125074    
         340   6.77237797    
         341   6.79202986    
         342   6.80877686    
         343   6.82915545    
         344   6.84978008    
         345   6.86764622    
         346   6.88844872    
         347   6.91180086    
         348   6.92844582    
         349   6.95076180    
         350   6.97090197    
         351   6.99235630    
         352   7.01496506    
         353   7.03465939    
         354   7.05452919    
         355   7.07747793    
         356   7.09441614    
         357   7.11666203    
         358   7.13460732    
         359   7.15764523    
         360   7.18230391    
         361   7.20217943    
         362   7.22719049    
         363   7.24719858    
         364   7.26937103    
         365   7.29240751    
         366   7.30924940    
         367   7.33237267    
         368   7.35685205    
         369   7.37705326    
         370   7.39993429    
         371   7.41853666    
         372   7.43488264    
         373   7.45495081    
         374   7.47348166    
         375   7.49327612    
         376   7.51399374    
         377   7.53551674    
         378   7.55636835    
         379   7.57550573    
         380   7.59309053    
         381   7.61432886    
         382   7.63617420    
         383   7.65768623    
         384   7.67527437    
         385   7.69237995    
         386   7.71195698    
         387   7.72597647    
         388   7.74672937    
         389   7.76821995    
         390   7.78949547    
         391   7.80896997    
         392   7.82987118    
         393   7.85449314    
         394   7.87357855    
         395   7.89337873    
         396   7.91110516    
         397   7.93151855    
         398   7.95019865    
         399   7.96896267    
         400   7.98387003    
         401   8.00354671    
         402   8.02128983    
         403   8.04137325    
         404   8.05795956    
         405   8.07717228    
         406   8.10052776    
         407   8.11655998    
         408   8.13900948    
         409   8.15771103    
         410   8.17971420    
         411   8.20084763    
         412   8.22192669    
         413   8.24295521    
         414   8.26791477    
         415   8.28562164    
         416   8.30760860    
         417   8.32810402    
         418   8.34715462    
         419   8.36916828    
         420   8.38845634    
         421   8.40985584    
         422   8.43134212    
         423   8.45059299    
         424   8.47122192    
         425   8.48981476    
         426   8.51330280    
         427   8.52924728    
         428   8.54683685    
         429   8.56781578    
         430   8.58719540    
         431   8.60714340    
         432   8.62764359    
         433   8.65120029    
         434   8.67184734    
         435   8.69410706    
         436   8.71477795    
         437   8.73680210    
         438   8.75794983    
         439   8.77814579    
         440   8.79885292    
         441   8.81713772    
         442   8.83204460    
         443   8.85008049    
         444   8.86785889    
         445   8.88720226    
         446   8.90802479    
         447   8.93111897    
         448   8.95323277    
         449   8.96825409    
         450   8.98724651    
         451   9.00868225    
         452   9.02694416    
         453   9.04349518    
         454   9.06458282    
         455   9.08653641    
         456   9.10395432    
         457   9.12295151    
         458   9.14199352    
         459   9.16421509    
         460   9.18600750    
         461   9.20175552    
         462   9.22157001    
         463   9.24103355    
         464   9.25928497    
         465   9.28158092    
         466   9.29929924    
         467   9.31490707    
         468   9.33304024    
         469   9.34708881    
         470   9.36546421    
         471   9.38583660    
         472   9.40392113    
         473   9.42082119    
         474   9.43849087    
         475   9.46016693    
         476   9.48599052    
         477   9.50761032    
         478   9.53400993    
         479   9.55659580    
         480   9.57538223    
         481   9.60008717    
         482   9.61814022    
         483   9.64287663    
         484   9.66085529    
         485   9.67556667    
         486   9.69385147    
         487   9.71579838    
         488   9.73479843    
         489   9.75681591    
         490   9.77444172    
         491   9.79602909    
         492   9.81545067    
         493   9.83774662    
         494   9.85706234    
         495   9.87847042    
         496   9.89561176    
         497   9.91479206    
         498   9.93997574    
         499   9.96597958    
         500   9.99086952    
         501   10.0120754    
         502   10.0287685    
         503   10.0506735    
         504   10.0669956    
         505   10.0871572    
         506   10.1111832    
         507   10.1268539    
         508   10.1431465    
         509   10.1629992    
         510   10.1850166    
         511   10.2042189    
         512   10.2256613    
         513   10.2457342    
         514   10.2618017    
         515   10.2790041    
         516   10.3020678    
         517   10.3253174    
         518   10.3448973    
         519   10.3613930    
         520   10.3815222    
         521   10.4029427    
         522   10.4207792    
         523   10.4397936    
         524   10.4617872    
         525   10.4787655    
         526   10.4997425    
         527   10.5125446    
         528   10.5307751    
         529   10.5542736    
         530   10.5762711    
         531   10.5958595    
         532   10.6156521    
         533   10.6377411    
         534   10.6539211    
         535   10.6752129    
         536   10.6935625    
         537   10.7058792    
         538   10.7268763    
         539   10.7475405    
         540   10.7635183    
         541   10.7820377    
         542   10.8001289    
         543   10.8230572    
         544   10.8394737    
         545   10.8609991    
         546   10.8843584    
         547   10.8969498    
         548   10.9159813    
         549   10.9352188    
         550   10.9512625    
         551   10.9706821    
         552   10.9914322    
         553   11.0140591    
         554   11.0329800    
         555   11.0515690    
         556   11.0689735    
         557   11.0871124    
         558   11.1084700    
         559   11.1227074    
         560   11.1422167    
         561   11.1627645    
         562   11.1861439    
         563   11.2027874    
         564   11.2264223    
         565   11.2512836    
         566   11.2754135    
         567   11.2958012    
         568   11.3151236    
         569   11.3347397    
         570   11.3529034    
         571   11.3702211    
         572   11.3919735    
         573   11.4140425    
         574   11.4332924    
         575   11.4526558    
         576   11.4750500    
         577   11.4984827    
         578   11.5184345    
         579   11.5467176    
         580   11.5667734    
         581   11.5869598    
         582   11.6077890    
         583   11.6250896    
         584   11.6417246    
         585   11.6648312    
         586   11.6880026    
         587   11.7052565    
         588   11.7185011    
         589   11.7341785    
         590   11.7540302    
         591   11.7781839    
         592   11.8033152    
         593   11.8230762    
         594   11.8439388    
         595   11.8661966    
         596   11.8904409    
         597   11.9082088    
         598   11.9247313    
         599   11.9438639    
         600   11.9679174    
         601   11.9822435    
         602   11.9987259    
         603   12.0147867    
         604   12.0276775    
         605   12.0495634    
         606   12.0679874    
         607   12.0911160    
         608   12.1095676    
         609   12.1237249    
         610   12.1451921    
         611   12.1630888    
         612   12.1825571    
         613   12.2013712    
         614   12.2228651    
         615   12.2396412    
         616   12.2604923    
         617   12.2764130    
         618   12.2927570    
         619   12.3089314    
         620   12.3291740    
         621   12.3514833    
         622   12.3773775    
         623   12.3949862    
         624   12.4239416    
         625   12.4379425    
         626   12.4572239    
         627   12.4741802    
         628   12.4941216    
         629   12.5071163    
         630   12.5271387    
         631   12.5415497    
         632   12.5617247    
         633   12.5805321    
         634   12.5965939    
         635   12.6156273    
         636   12.6371689    
         637   12.6610937    
         638   12.6803474    
         639   12.7047510    
         640   12.7239523    
         641   12.7437525    
         642   12.7631464    
         643   12.7816200    
         644   12.8017435    
         645   12.8186016    
         646   12.8372326    
         647   12.8562317    
         648   12.8696623    
         649   12.8863277    
         650   12.9061861    
         651   12.9241152    
         652   12.9480286    
         653   12.9664745    
         654   12.9863987    
         655   13.0062189    
         656   13.0268612    
         657   13.0499210    
         658   13.0689917    
         659   13.0907173    
         660   13.0996542    
         661   13.1166725    
         662   13.1396637    
         663   13.1610003    
         664   13.1815910    
         665   13.2040195    
         666   13.2241478    
         667   13.2465134    
         668   13.2606134    
         669   13.2824659    
         670   13.3063459    
         671   13.3322096    
         672   13.3548946    
         673   13.3755302    
         674   13.3942213    
         675   13.4154224    
         676   13.4346800    
         677   13.4536734    
         678   13.4714403    
         679   13.4959574    
         680   13.5145187    
         681   13.5334053    
         682   13.5516691    
         683   13.5714378    
         684   13.5905590    
         685   13.6071129    
         686   13.6322346    
         687   13.6501904    
         688   13.6700172    
         689   13.6876755    
         690   13.7115889    
         691   13.7324200    
         692   13.7554321    
         693   13.7753935    
         694   13.7938089    
         695   13.8125439    
         696   13.8288889    
         697   13.8566446    
         698   13.8767252    
         699   13.8942785    
         700   13.9188414    
         701   13.9378986    
         702   13.9605265    
         703   13.9810305    
         704   13.9965887    
         705   14.0212688    
         706   14.0441828    
         707   14.0696802    
         708   14.0867786    
         709   14.1064301    
         710   14.1268940    
         711   14.1522179    
         712   14.1654100    
         713   14.1835327    
         714   14.2085123    
         715   14.2273874    
         716   14.2526617    
         717   14.2751675    
         718   14.2934713    
         719   14.3116379    
         720   14.3290386    
         721   14.3486042    
         722   14.3709612    
         723   14.3905640    
         724   14.4159842    
         725   14.4344883    
         726   14.4584942    
         727   14.4788570    
         728   14.4938364    
         729   14.5142488    
         730   14.5302010    
         731   14.5510015    
         732   14.5707521    
         733   14.5940266    
         734   14.6084509    
         735   14.6267986    
         736   14.6483736    
         737   14.6688299    
         738   14.6869497    
         739   14.7151890    
         740   14.7332764    
         741   14.7554750    
         742   14.7793150    
         743   14.7947140    
         744   14.8163490    
         745   14.8359060    
         746   14.8600845    
         747   14.8793402    
         748   14.8982363    
         749   14.9163971    
         750   14.9391689    
         751   14.9545536    
         752   14.9763050    
         753   14.9978704    
         754   15.0158634    
         755   15.0334053    
         756   15.0536404    
         757   15.0798721    
         758   15.1025600    
         759   15.1146784    
         760   15.1311789    
         761   15.1512251    
         762   15.1727991    
         763   15.1945477    
         764   15.2137079    
         765   15.2379799    
         766   15.2544861    
         767   15.2773323    
         768   15.2934752    
         769   15.3117828    
         770   15.3261728    
         771   15.3433189    
         772   15.3626814    
         773   15.3815746    
         774   15.3961802    
         775   15.4170551    
         776   15.4377480    
         777   15.4532261    
         778   15.4724588    
         779   15.5001364    
         780   15.5171547    
         781   15.5422878    
         782   15.5620689    
         783   15.5851564    
         784   15.6120005    
         785   15.6339226    
         786   15.6489573    
         787   15.6587114    
         788   15.6824303    
         789   15.6991396    
         790   15.7159348    
         791   15.7368097    
         792   15.7585554    
         793   15.7754774    
         794   15.7982035    
         795   15.8142252    
         796   15.8336477    
         797   15.8503313    
         798   15.8774338    
         799   15.8927059    
         800   15.9091949    
         801   15.9295425    
         802   15.9479113    
         803   15.9646816    
         804   15.9883862    
         805   16.0094070    
         806   16.0243053    
         807   16.0433540    
         808   16.0594254    
         809   16.0774632    
         810   16.0935307    
         811   16.1199322    
         812   16.1354618    
         813   16.1543388    
         814   16.1721764    
         815   16.1975346    
         816   16.2175179    
         817   16.2383766    
         818   16.2663155    
         819   16.2834415    
         820   16.3085766    
         821   16.3316689    
         822   16.3497505    
         823   16.3669186    
         824   16.3861694    
         825   16.4080372    
         826   16.4307079    
         827   16.4478855    
         828   16.4683247    
         829   16.4884720    
         830   16.5108471    
         831   16.5323467    
         832   16.5531635    
         833   16.5745068    
         834   16.6012306    
         835   16.6162205    
         836   16.6345043    
         837   16.6522446    
         838   16.6741219    
         839   16.6920109    
         840   16.7052574    
         841   16.7246017    
         842   16.7426529    
         843   16.7674999    
         844   16.7881660    
         845   16.8125305    
         846   16.8333111    
         847   16.8508968    
         848   16.8674583    
         849   16.8871670    
         850   16.9006805    
         851   16.9260731    
         852   16.9414425    
         853   16.9598465    
         854   16.9771042    
         855   16.9990196    
         856   17.0148621    
         857   17.0344028    
         858   17.0594025    
         859   17.0810814    
         860   17.1022243    
         861   17.1195354    
         862   17.1371479    
         863   17.1598587    
         864   17.1780624    
         865   17.1967964    
         866   17.2155457    
         867   17.2369308    
         868   17.2547207    
         869   17.2710304    
         870   17.2900105    
         871   17.3102970    
         872   17.3308430    
         873   17.3491116    
         874   17.3692932    
         875   17.3966408    
         876   17.4207993    
         877   17.4378872    
         878   17.4552326    
         879   17.4770222    
         880   17.4943466    
         881   17.5129890    
         882   17.5319366    
         883   17.5521603    
         884   17.5777149    
         885   17.5943470    
         886   17.6103878    
         887   17.6353130    
         888   17.6561928    
         889   17.6698837    
         890   17.6876221    
         891   17.7063065    
         892   17.7408257    
         893   17.7677803    
         894   17.7893620    
         895   17.8127155    
         896   17.8334808    
         897   17.8544807    
         898   17.8741474    
         899   17.9000206    
         900   17.9227104    
         901   17.9488525    
         902   17.9728947    
         903   17.9986210    
         904   18.0272350    
         905   18.0501919    
         906   18.0741405    
         907   18.1021004    
         908   18.1138802    
         909   18.1422119    
         910   18.1639481    
         911   18.1845493    
         912   18.2013912    
         913   18.2240429    
         914   18.2462521    
         915   18.2603092    
         916   18.2814693    
         917   18.2967243    
         918   18.3209419    
         919   18.3365479    
         920   18.3541565    
         921   18.3753586    
         922   18.3922653    
         923   18.4107037    
         924   18.4316177    
         925   18.4556465    
         926   18.4722996    
         927   18.4880333    
         928   18.5005932    
         929   18.5155792    
         930   18.5392323    
         931   18.5651360    
         932   18.5854740    
         933   18.6045914    
         934   18.6223660    
         935   18.6444912    
         936   18.6699066    
         937   18.6907768    
         938   18.7097950    
         939   18.7342377    
         940   18.7530746    
         941   18.7675056    
         942   18.7830601    
         943   18.8096828    
         944   18.8302479    
         945   18.8501396    
         946   18.8716030    
         947   18.8860207    
         948   18.9068966    
         949   18.9216003    
         950   18.9423046    
         951   18.9582119    
         952   18.9841156    
         953   19.0031948    
         954   19.0304070    
         955   19.0583496    
         956   19.0777149    
         957   19.0953789    
         958   19.1188393    
         959   19.1381283    
         960   19.1545544    
         961   19.1759262    
         962   19.1933250    
         963   19.2157841    
         964   19.2387047    
         965   19.2562523    
         966   19.2831783    
         967   19.2994289    
         968   19.3169994    
         969   19.3318272    
         970   19.3491631    
         971   19.3691673    
         972   19.3909092    
         973   19.4161720    
         974   19.4344730    
         975   19.4576969    
         976   19.4823017    
         977   19.4939442    
         978   19.5145931    
         979   19.5334568    
         980   19.5512657    
         981   19.5663395    
         982   19.5941906    
         983   19.6135063    
         984   19.6347370    
         985   19.6524067    
         986   19.6804867    
         987   19.7043514    
         988   19.7253799    
         989   19.7489567    
         990   19.7702579    
         991   19.7907372    
         992   19.8117599    
         993   19.8268986    
         994   19.8428612    
         995   19.8612804    
         996   19.8791008    
         997   19.8983803    
         998   19.9095249    
         999   19.9245605    
        1000   19.9440556    
